Stereotype,category,event,kind,mode,phase,quality,relator,role,roleMixin,subkind,type,none_c,characterization,componentOf,derivation,material,mediation,memberOf,participation,none_r,other_r
category,1.0,0.1343065895587048,0.052047357847066024,0.3585866115923253,0.021495707612362795,0.2308917036094438,0.014918352477148775,0.0219950409014414,0.3033896190285088,0.31618069306066343,0.30259591281371473,0.10009344155434112,0.37925906738534076,0.2775271053544707,0.00510405147528143,0.1712996783938898,0.0912126477219282,0.1231255107643753,0.14415618681938763,0.15155610006349624,0.04691943182987592
event,0.1343065895587048,1.0,0.23286641657913754,0.2329131340977257,0.08419177166807851,0.14650656890293534,0.015275599236514241,0.020882125147579998,0.30237322749025763,0.06617163316022202,0.35969123769774713,0.10919662351381505,0.2605274598481623,0.08315651595923629,0.03543388538816948,0.043589681390079654,0.030714662013976657,0.06964198177902908,0.6477804782905805,0.26747545149320434,0.05869995942598468
kind,0.052047357847066024,0.23286641657913754,1.0,0.091123555522502,0.2699068457413618,0.050969469451089856,0.24859608282023032,0.41769158133571815,0.1609977814062662,0.4618321072707034,0.1829280651001457,0.03594076340774416,0.009135167630902405,0.27089067569533454,0.26722760116306304,0.33537698658179965,0.2733145787418242,0.2084951524030631,0.2070328907911163,0.024687387108589542,0.04660711270534998
mode,0.3585866115923253,0.2329131340977257,0.091123555522502,1.0,0.14173424675305027,0.1912699593687017,0.18226241953147201,0.21245856267455665,0.2849039252089187,0.2594150014184796,0.29121255232550364,0.19758369943377113,0.5445739310313508,0.16745486299641496,0.03805403832053494,0.1596929170290877,0.2585276068727067,0.2865874457214153,0.12157017999732274,0.1324857606648712,0.04102772982977194
phase,0.021495707612362795,0.08419177166807851,0.2699068457413618,0.14173424675305027,1.0,0.0674700065161996,0.1979598312212114,0.33473763344906116,0.07645470532781458,0.3133342695010278,0.010448434639604437,0.023790225483783425,0.07320426699453216,0.1738339995001976,0.16570485383143332,0.16679061973909967,0.28974812874988015,0.2641271034935339,0.052362783894691955,0.027714813127919524,0.02203297536017932
quality,0.2308917036094438,0.14650656890293534,0.050969469451089856,0.1912699593687017,0.0674700065161996,1.0,0.13330353045457533,0.06833210986818032,0.05299515737669616,0.19723060434200923,0.15758656517715522,0.14644666584286592,0.5451428569377156,0.0036040503447925545,0.06503590865457265,0.03272078876099908,0.1037087900863059,0.12243010895883258,0.2857854857840631,0.023609566527658856,0.13588332300340064
relator,0.014918352477148775,0.015275599236514241,0.24859608282023032,0.18226241953147201,0.1979598312212114,0.13330353045457533,1.0,0.29214187187074514,0.16093924016241948,0.1933958283868901,0.014356851647180521,0.16265684656914742,0.2940990199362967,0.17659461081074246,0.34322833644774886,0.30723879226880174,0.7339610029097516,0.2747523436544702,0.045129729122658314,0.020336284748714906,0.06409776078234837
role,0.0219950409014414,0.020882125147579998,0.41769158133571815,0.21245856267455665,0.33473763344906116,0.06833210986818032,0.29214187187074514,1.0,0.0858974744341452,0.13971233738165842,0.022723224039854495,0.08810578103072148,0.06426044191864101,0.05194686639793646,0.20297551953040896,0.172872133368378,0.27911282472045207,0.18260475473936108,0.19730896898393338,0.06895918214749484,0.015187963573982229
roleMixin,0.3033896190285088,0.30237322749025763,0.1609977814062662,0.2849039252089187,0.07645470532781458,0.05299515737669616,0.16093924016241948,0.0858974744341452,1.0,0.03275516049866034,0.36143456841899047,0.18571409908378222,0.2380852546467189,0.05045347741639111,0.02686995583466988,0.006243368659076033,0.2081286589125318,0.09403991333015564,0.2578750293439101,0.14105799466083674,0.08340620616864892
subkind,0.31618069306066343,0.06617163316022202,0.4618321072707034,0.2594150014184796,0.3133342695010278,0.19723060434200923,0.1933958283868901,0.13971233738165842,0.03275516049866034,1.0,0.08146712113476495,0.030148612656396546,0.1446924889852199,0.251832229397833,0.016742368038090122,0.16964798182480112,0.23026384192964108,0.21122286100769758,0.06641637748371415,0.02242629415211051,0.0721163219637563
type,0.30259591281371473,0.35969123769774713,0.1829280651001457,0.29121255232550364,0.010448434639604437,0.15758656517715522,0.014356851647180521,0.022723224039854495,0.36143456841899047,0.08146712113476495,1.0,0.07830846219623148,0.3128710179116338,0.1547613404492585,0.14501723618333137,0.03923090277741398,0.051822386647172265,0.10762719854893701,0.39404508381114545,0.13974963412958516,0.09084930716872124
none_c,0.10009344155434112,0.10919662351381505,0.03594076340774416,0.19758369943377113,0.023790225483783425,0.14644666584286592,0.16265684656914742,0.08810578103072148,0.18571409908378222,0.030148612656396546,0.07830846219623148,1.0,0.042029600081615305,0.007440818067747406,0.006770975705623328,0.09629665580616716,0.028962002645962173,0.007138879340081674,0.006941726655851068,0.18394252697689098,0.03421804634469701
characterization,0.37925906738534076,0.2605274598481623,0.009135167630902405,0.5445739310313508,0.07320426699453216,0.5451428569377156,0.2940990199362967,0.06426044191864101,0.2380852546467189,0.1446924889852199,0.3128710179116338,0.042029600081615305,1.0,0.25938199807049633,0.06282947809631947,0.18933342520462398,0.3772421689795126,0.1933980841246222,0.3656740535821278,0.05162872516502647,0.0693939796909904
componentOf,0.2775271053544707,0.08315651595923629,0.27089067569533454,0.16745486299641496,0.1738339995001976,0.0036040503447925545,0.17659461081074246,0.05194686639793646,0.05045347741639111,0.251832229397833,0.1547613404492585,0.007440818067747406,0.25938199807049633,1.0,0.16756306205459878,0.3625033899256317,0.245117412244368,0.42038238008863943,0.006621610770315435,0.07852664508666471,0.1573977400861999
derivation,0.00510405147528143,0.03543388538816948,0.26722760116306304,0.03805403832053494,0.16570485383143332,0.06503590865457265,0.34322833644774886,0.20297551953040896,0.02686995583466988,0.016742368038090122,0.14501723618333137,0.006770975705623328,0.06282947809631947,0.16756306205459878,1.0,0.5082151717880387,0.42688905489145784,0.27672939169203153,0.05154010168161277,0.028742192046179324,0.3057816648976618
material,0.1712996783938898,0.043589681390079654,0.33537698658179965,0.1596929170290877,0.16679061973909967,0.03272078876099908,0.30723879226880174,0.172872133368378,0.006243368659076033,0.16964798182480112,0.03923090277741398,0.09629665580616716,0.18933342520462398,0.3625033899256317,0.5082151717880387,1.0,0.38640357628929456,0.2912092269761337,0.037986160077526185,0.10656419507700036,0.1982546717969762
mediation,0.0912126477219282,0.030714662013976657,0.2733145787418242,0.2585276068727067,0.28974812874988015,0.1037087900863059,0.7339610029097516,0.27911282472045207,0.2081286589125318,0.23026384192964108,0.051822386647172265,0.028962002645962173,0.3772421689795126,0.245117412244368,0.42688905489145784,0.38640357628929456,1.0,0.3971683493782957,0.08084644506085786,0.108767798070589,0.16175363720330066
memberOf,0.1231255107643753,0.06964198177902908,0.2084951524030631,0.2865874457214153,0.2641271034935339,0.12243010895883258,0.2747523436544702,0.18260475473936108,0.09403991333015564,0.21122286100769758,0.10762719854893701,0.007138879340081674,0.1933980841246222,0.42038238008863943,0.27672939169203153,0.2912092269761337,0.3971683493782957,1.0,0.12019691738337282,0.13533048076318974,0.2504556321794552
participation,0.14415618681938763,0.6477804782905805,0.2070328907911163,0.12157017999732274,0.052362783894691955,0.2857854857840631,0.045129729122658314,0.19730896898393338,0.2578750293439101,0.06641637748371415,0.39404508381114545,0.006941726655851068,0.3656740535821278,0.006621610770315435,0.05154010168161277,0.037986160077526185,0.08084644506085786,0.12019691738337282,1.0,0.07252958052664499,0.0030083555613461227
none_r,0.15155610006349624,0.26747545149320434,0.024687387108589542,0.1324857606648712,0.027714813127919524,0.023609566527658856,0.020336284748714906,0.06895918214749484,0.14105799466083674,0.02242629415211051,0.13974963412958516,0.18394252697689098,0.05162872516502647,0.07852664508666471,0.028742192046179324,0.10656419507700036,0.108767798070589,0.13533048076318974,0.07252958052664499,1.0,0.04444715144723988
other_r,0.04691943182987592,0.05869995942598468,0.04660711270534998,0.04102772982977194,0.02203297536017932,0.13588332300340064,0.06409776078234837,0.015187963573982229,0.08340620616864892,0.0721163219637563,0.09084930716872124,0.03421804634469701,0.0693939796909904,0.1573977400861999,0.3057816648976618,0.1982546717969762,0.16175363720330066,0.2504556321794552,0.0030083555613461227,0.04444715144723988,1.0
