Stereotype,category,collective,datatype,event,kind,mixin,mode,phase,quality,relator,role,roleMixin,situation,subkind,type,none_c,other_c,bringsAbout,characterization,componentOf,creation,derivation,externalDependence,historicalDependence,instantiation,manifestation,material,mediation,memberOf,participation,none_r,other_r
category,1.0,0.06031264860167887,0.09900850411590917,0.07718787941156484,-0.0314176459735234,0.11422077114837663,0.32693714368563326,0.05549995384239127,0.21145371978354383,-0.027685680959293645,-0.02412250323156646,0.24636747474059953,0.1741604160333161,0.277059842133645,0.22739045416812786,-0.06137235464688894,0.08963350883291855,0.2427265829629598,0.33753073004156253,0.24819124326114295,-0.022810855950704586,-0.06551465706278024,0.1358053084016818,0.15792131042795482,0.17275181308013182,0.12620485040306562,0.06470015334052999,0.03372481516366718,-0.020776185240555797,0.09388193232185219,0.11990339657864413,-0.08154642449567649
collective,0.06031264860167887,1.0,0.1069601965013415,-0.042110078007650306,0.10616027076679957,0.08726171906745601,0.14051468135184364,0.3197138373318457,-0.035043512883442124,0.1725857907548317,0.07148500248789123,-0.05502983910768428,-0.26925257194119334,0.21340236413878144,0.022673900795047858,-0.10533736087428619,-0.06870162305161859,-0.19576052988617368,0.1203215389166575,0.20714049992699066,0.03977547389612546,0.04839528258607583,0.008337194039277454,0.10585408375581774,0.023062025753541944,0.006167567121055948,0.04850859285181952,0.2187883346258099,0.6953219828757395,0.06292872000760824,-0.08726171906745601,0.11217572992137999
datatype,0.09900850411590917,0.1069601965013415,1.0,0.08867904797314587,0.12657360679396967,-0.003979675956138828,-0.00849054714636503,0.03570543852386148,0.1849848343095233,-0.1497256426346782,-0.04396276048243433,-0.07665133793180054,0.1942329269096203,0.059218746371636245,0.06997211031526694,0.06433809462424439,0.034663501435720785,0.13711082533089905,0.037989754049396106,0.1289197466439534,0.01024037037014558,0.004681780808688318,-0.004731723618466156,0.2211919999951445,0.06433809462424439,-0.10865716652728767,-0.01768468698888778,-0.041764030924678286,0.11711015955703737,0.1200947420812919,0.14061521711690525,-0.03838810192125618
event,0.07718787941156484,-0.042110078007650306,0.08867904797314587,1.0,-0.26039041205418356,-0.08620109117803146,0.17126436781609194,0.019472894418922294,0.09326247831276857,-0.16405103605275953,-0.1532691082910326,0.26489926611666026,0.5399392480033207,-0.03848092617356855,0.2876082927204621,0.0802747661595418,0.13566003786775707,0.3925637275567328,0.1558120677007835,-0.12607064021625838,0.4502738797570992,0.014366262730568659,0.30987419884676826,0.336041836370446,0.3022425759429728,0.3512554897365652,-0.036493862115152834,-0.1013801253607417,0.062455264883844765,0.5794467044309968,0.25267694851560474,0.12173485953609418
kind,-0.0314176459735234,0.10616027076679957,0.12657360679396967,-0.26039041205418356,1.0,-0.0060799708882683465,0.03651230870132463,0.2685897308059408,0.050975028352662606,0.1667583168602729,0.4769422704382245,-0.1920222610610064,-0.2094999344732895,0.38758622797680914,-0.27277997333179044,-0.07566185994289498,0.019899124238313817,-0.2276028603743236,-0.015763691696541595,0.17043931741160923,-0.02016438276473102,0.3072975450256138,-0.25542168674698795,-0.3066376827326338,-0.21482563805214824,-0.20425247635853078,0.3490417187527272,0.21317298908175156,0.11686746987951807,-0.25196157393836394,-0.06350191816635828,0.13443428141050612
mixin,0.11422077114837663,0.08726171906745601,-0.003979675956138828,-0.08620109117803146,-0.0060799708882683465,1.0,0.13576671860539954,0.20915121308217663,0.21688791195008505,0.04982714649866149,0.23808772588098065,0.10549337861748301,-0.05442816368295633,-0.03823000313386505,0.08749844035108169,0.06363636363636363,-0.18356062532920114,-0.053643174128257524,0.1649915822768611,0.020210493359310105,-0.08343298676955058,-0.07486325753428887,-0.06350191816635828,0.07719500645033184,0.06363636363636363,0.19323673910630282,0.1140962964213472,0.10307909887703048,0.0060799708882683465,-0.03223769959269378,-0.06363636363636363,0.11892374507581378
mode,0.32693714368563326,0.14051468135184364,-0.00849054714636503,0.17126436781609194,0.03651230870132463,0.13576671860539954,1.0,0.14749681730077313,0.21641677659757835,0.1513644225980128,0.0946898155934128,0.26489926611666026,-0.06565504467553991,0.17692860621108147,0.1866759106073187,0.0802747661595418,-0.1279811677997708,0.07568234872958955,0.5089606905825105,0.12771325442103046,0.10757774959713946,0.05788758806140901,0.30987419884676826,0.05046172790381284,0.13576671860539954,0.16822353977265517,0.0834700037740198,0.26007901390621047,0.16142283846901417,0.07012698672710278,0.030709138732173707,-0.09824216734491811
phase,0.05549995384239127,0.3197138373318457,0.03570543852386148,0.019472894418922294,0.2685897308059408,0.20915121308217663,0.14749681730077313,1.0,0.09611011926613733,0.08893623036166641,0.20261953153137838,0.01547266298842166,-0.03920741242639778,0.37405576884240765,-0.03920741242639778,-0.0908846496958762,0.050375643964197366,-0.021291812201066927,0.018949980749121964,0.1540913344196481,-0.07495556751612514,0.05985622752694963,-0.10805931142676148,-0.013192179882838025,-0.030877477140265633,-0.04035358609429867,0.1150312117136507,0.13197661100348668,0.15949138753853737,-0.0612497447932617,-0.029129695415344936,0.027251804777456586
quality,0.21145371978354383,-0.035043512883442124,0.1849848343095233,0.09326247831276857,0.050975028352662606,0.21688791195008505,0.21641677659757835,0.09611011926613733,1.0,0.19158495774239231,0.13898473496527455,0.09614344651694866,0.22884490395544435,0.11138565323217431,0.28134161911671557,0.15916322220626397,-0.16135420595157496,0.2739459353606583,0.5215131625303397,-0.008116350353701016,0.00634519556871125,-0.05142595331119057,0.20639888931029074,0.18458750745341815,0.2746126016939061,0.24153835049259817,-0.01373101027711423,0.12452296508308522,-0.15392459541784395,0.2221190418457658,-0.04371384271862179,-0.08175597908945827
relator,-0.027685680959293645,0.1725857907548317,-0.1497256426346782,-0.16405103605275953,0.1667583168602729,0.04982714649866149,0.1513644225980128,0.08893623036166641,0.19158495774239231,1.0,0.14934720007463276,0.1638144885877078,-0.12699229654858,0.119394938089739,-0.12699229654858,-0.20361463569206115,-0.16307916548263685,-0.08852139560753805,0.2635958837640212,0.052045930649371415,-0.03039136312387795,0.36376796495449176,0.05924308625299169,0.03482343691277682,-0.07689374459669983,-0.06763268735128172,0.1985903788522453,0.7292586522065967,0.172243787809624,0.0030796406769908356,-0.04982714649866149,0.05364768687134362
role,-0.02412250323156646,0.07148500248789123,-0.04396276048243433,-0.1532691082910326,0.4769422704382245,0.23808772588098065,0.0946898155934128,0.20261953153137838,0.13898473496527455,0.14934720007463276,1.0,0.01133913667666826,-0.1872785087036008,0.03635528524021975,-0.13443005282285866,0.005641889238885797,-0.06754736006517473,-0.2828692802820871,-0.01276613804646258,-0.005590500752398091,-0.07432971540272587,0.1756657804073797,-0.062384853939177046,-0.2537662939921188,-0.22680394740320906,-0.12281895349088502,0.12278086574327336,0.10126583122700522,0.04125450018558482,-0.28339282221905643,-0.005641889238885797,0.02370706244822352
roleMixin,0.24636747474059953,-0.05502983910768428,-0.07665133793180054,0.26489926611666026,-0.1920222610610064,0.10549337861748301,0.26489926611666026,0.01547266298842166,0.09614344651694866,0.1638144885877078,0.01133913667666826,1.0,0.11473131694781576,0.010132103595741548,0.2675415623653807,0.04948400749582966,-0.1560427853911879,0.16084958514338799,0.1811045581289728,-0.002072412857849611,0.24738518370701051,-0.036250541990420646,0.34185781325254927,0.1897366001734764,0.2735214919824431,0.19131503274355252,-0.06935789925479108,0.17474032415406854,-0.007758475194384097,0.19691599775130092,0.06253473474747705,0.02586735601214815
situation,0.1741604160333161,-0.26925257194119334,0.1942329269096203,0.5399392480033207,-0.2094999344732895,-0.05442816368295633,-0.06565504467553991,-0.03920741242639778,0.22884490395544435,-0.12699229654858,-0.1872785087036008,0.11473131694781576,1.0,-0.1358611278909479,0.09649122807017543,0.01653513833406268,0.19312206037215676,0.7270516618460721,0.19340696050907175,-0.10292845747672112,0.10353266450658016,0.09185813402401627,0.08293985675628764,0.24961299935833026,0.1584617423681007,0.21739729401672409,0.07347802911058345,-0.13463161337947355,-0.10690025981921517,0.4483931740836008,0.12539146569997534,-0.00928587494237988
subkind,0.277059842133645,0.21340236413878144,0.059218746371636245,-0.03848092617356855,0.38758622797680914,-0.03823000313386505,0.17692860621108147,0.37405576884240765,0.11138565323217431,0.119394938089739,0.03635528524021975,0.010132103595741548,-0.1358611278909479,1.0,-0.025674543853407478,-0.09880985425368197,0.054768435095410496,0.01410610073963664,0.04366819874427059,0.2456712511155312,-0.11986271528737515,0.021218804695889937,-0.11748215841245636,-0.05750988864798303,-0.03823000313386505,-0.03362559416181932,0.1284200391482819,0.19070219251581752,0.15262191115189644,-0.15213196327671805,-0.022349847985951875,-0.04056836900345863
type,0.22739045416812786,0.022673900795047858,0.06997211031526694,0.2876082927204621,-0.27277997333179044,0.08749844035108169,0.1866759106073187,-0.03920741242639778,0.28134161911671557,-0.12699229654858,-0.13443005282285866,0.2675415623653807,0.09649122807017543,-0.025674543853407478,1.0,0.08749844035108169,-0.1440232314639813,0.24077684905291996,0.2435855925806949,0.11343136130087635,0.3226531667842053,-0.18641797787226833,0.5259001287657942,0.4687335016359554,0.8680947625382908,0.6855210839203321,-0.18220565326746033,-0.08327214605322994,-0.04362022096071424,0.3891822805828176,0.12539146569997534,0.1032370802417528
none_c,-0.06137235464688894,-0.10533736087428619,0.06433809462424439,0.0802747661595418,-0.07566185994289498,0.06363636363636363,0.0802747661595418,-0.0908846496958762,0.15916322220626397,-0.20361463569206115,0.005641889238885797,0.04948400749582966,0.01653513833406268,-0.09880985425368197,0.08749844035108169,1.0,0.1130157575556258,0.035473711923525136,0.05464006945532413,-0.03926610138380249,0.07719500645033184,-0.13606099980438216,-0.06350191816635828,-0.08343298676955058,-0.014393939393939395,0.021655841451568417,0.05786702115149666,-0.06634346257511005,-0.13308380722098492,0.03286981134941327,0.09242424242424242,-0.06666937223947136
other_c,0.08963350883291855,-0.06870162305161859,0.034663501435720785,0.13566003786775707,0.019899124238313817,-0.18356062532920114,-0.1279811677997708,0.050375643964197366,-0.16135420595157496,-0.16307916548263685,-0.06754736006517473,-0.1560427853911879,0.19312206037215676,0.054768435095410496,-0.1440232314639813,0.1130157575556258,1.0,-0.06905821418570464,-0.1089276473209096,-0.07242626367067034,-0.17633732550080425,0.012420358621312317,-0.15213201433807658,-0.17633732550080425,-0.18356062532920114,-0.16145264413912347,-0.09440824590539705,-0.23600665270530985,-0.0860155692881952,-0.18319220350131385,0.18356062532920114,0.08104104093569091
bringsAbout,0.2427265829629598,-0.19576052988617368,0.13711082533089905,0.3925637275567328,-0.2276028603743236,-0.053643174128257524,0.07568234872958955,-0.021291812201066927,0.2739459353606583,-0.08852139560753805,-0.2828692802820871,0.16084958514338799,0.7270516618460721,0.01410610073963664,0.24077684905291996,0.035473711923525136,-0.06905821418570464,1.0,0.2600139867894549,0.039569159975909665,0.13803283909490377,-0.006785703587853287,0.2276028603743236,0.4132079828389377,0.30282437007887314,0.3643318998951527,0.10412102667762739,-0.11146267863404571,-0.09026960902981648,0.5529926345697208,0.053643174128257524,-0.14062222245620531
characterization,0.33753073004156253,0.1203215389166575,0.037989754049396106,0.1558120677007835,-0.015763691696541595,0.1649915822768611,0.5089606905825105,0.018949980749121964,0.5215131625303397,0.2635958837640212,-0.01276613804646258,0.1811045581289728,0.19340696050907175,0.04366819874427059,0.2435855925806949,0.05464006945532413,-0.1089276473209096,0.2600139867894549,1.0,0.24866299815559323,0.0865642693733204,0.06554020207949879,0.3601764708846171,0.20014541262748603,0.27534309509839805,0.27857866838843653,0.1235265300023809,0.37374449117671915,0.11416734289313459,0.2847202146432851,0.0005356869554443542,0.08961296449444917
componentOf,0.24819124326114295,0.20714049992699066,0.1289197466439534,-0.12607064021625838,0.17043931741160923,0.020210493359310105,0.12771325442103046,0.1540913344196481,-0.008116350353701016,0.052045930649371415,-0.005590500752398091,-0.002072412857849611,-0.10292845747672112,0.2456712511155312,0.11343136130087635,-0.03926610138380249,-0.07242626367067034,0.039569159975909665,0.24866299815559323,1.0,0.03982095012222257,-0.047099285290490046,-0.011328293000167381,0.10103823165340056,0.19864027758864788,0.21395104801497436,0.18267225233014395,0.10448057998503116,0.25385674768556904,-0.02264511486379325,-0.0796870881024227,0.014192139878798036
creation,-0.022810855950704586,0.03977547389612546,0.01024037037014558,0.4502738797570992,-0.02016438276473102,-0.08343298676955058,0.10757774959713946,-0.07495556751612514,0.00634519556871125,-0.03039136312387795,-0.07432971540272587,0.24738518370701051,0.10353266450658016,-0.11986271528737515,0.3226531667842053,0.07719500645033184,-0.17633732550080425,0.13803283909490377,0.0865642693733204,0.03982095012222257,1.0,0.0666580520274602,0.2350193577406581,0.33868378812199035,0.39845099289009667,0.3857821893556587,-0.0331516552442799,0.08352229588656743,0.1634010327486824,0.6525634500093757,0.16374698337949178,0.012364066354511871
derivation,-0.06551465706278024,0.04839528258607583,0.004681780808688318,0.014366262730568659,0.3072975450256138,-0.07486325753428887,0.05788758806140901,0.05985622752694963,-0.05142595331119057,0.36376796495449176,0.1756657804073797,-0.036250541990420646,0.09185813402401627,0.021218804695889937,-0.18641797787226833,-0.13606099980438216,0.012420358621312317,-0.006785703587853287,0.06554020207949879,-0.047099285290490046,0.0666580520274602,1.0,-0.08901032338672951,-0.12230835234396367,-0.13606099980438216,-0.1600441876278309,0.5052186515682133,0.4102355055541974,0.18384870366187583,-0.038668789533858265,0.07486325753428887,0.2967672984850922
externalDependence,0.1358053084016818,0.008337194039277454,-0.004731723618466156,0.30987419884676826,-0.25542168674698795,-0.06350191816635828,0.30987419884676826,-0.10805931142676148,0.20639888931029074,0.05924308625299169,-0.062384853939177046,0.34185781325254927,0.08293985675628764,-0.11748215841245636,0.5259001287657942,-0.06350191816635828,-0.15213201433807658,0.2276028603743236,0.3601764708846171,-0.011328293000167381,0.2350193577406581,-0.08901032338672951,1.0,0.3782560077246095,0.5627350833252814,0.43375798615775263,-0.2487591607847191,0.08898505507541006,0.13132530120481928,0.36807809347148024,-0.0060799708882683465,0.08623075421151986
historicalDependence,0.15792131042795482,0.10585408375581774,0.2211919999951445,0.336041836370446,-0.3066376827326338,0.07719500645033184,0.05046172790381284,-0.013192179882838025,0.18458750745341815,0.03482343691277682,-0.2537662939921188,0.1897366001734764,0.24961299935833026,-0.05750988864798303,0.4687335016359554,-0.08343298676955058,-0.17633732550080425,0.4132079828389377,0.20014541262748603,0.10103823165340056,0.33868378812199035,-0.12230835234396367,0.3782560077246095,1.0,0.5590789861099791,0.5623847027051381,-0.0331516552442799,0.08352229588656743,0.09178270775670672,0.5185374572856156,0.08343298676955058,-0.051310875371224265
instantiation,0.17275181308013182,0.023062025753541944,0.06433809462424439,0.3022425759429728,-0.21482563805214824,0.06363636363636363,0.13576671860539954,-0.030877477140265633,0.2746126016939061,-0.07689374459669983,-0.22680394740320906,0.2735214919824431,0.1584617423681007,-0.03823000313386505,0.8680947625382908,-0.014393939393939395,-0.18356062532920114,0.30282437007887314,0.27534309509839805,0.19864027758864788,0.39845099289009667,-0.13606099980438216,0.5627350833252814,0.5590789861099791,1.0,0.7937698808978731,-0.16705007992790546,-0.009869275424396536,0.0060799708882683465,0.48862238794416263,0.09242424242424242,0.11892374507581378
manifestation,0.12620485040306562,0.006167567121055948,-0.10865716652728767,0.3512554897365652,-0.20425247635853078,0.19323673910630282,0.16822353977265517,-0.04035358609429867,0.24153835049259817,-0.06763268735128172,-0.12281895349088502,0.19131503274355252,0.21739729401672409,-0.03362559416181932,0.6855210839203321,0.021655841451568417,-0.16145264413912347,0.3643318998951527,0.27857866838843653,0.21395104801497436,0.3857821893556587,-0.1600441876278309,0.43375798615775263,0.5623847027051381,0.7937698808978731,1.0,-0.1098378434595955,-0.02109873681424305,0.05124880315904954,0.5156718443390461,0.06413460737579878,0.18622078016132693
material,0.06470015334052999,0.04850859285181952,-0.01768468698888778,-0.036493862115152834,0.3490417187527272,0.1140962964213472,0.0834700037740198,0.1150312117136507,-0.01373101027711423,0.1985903788522453,0.12278086574327336,-0.06935789925479108,0.07347802911058345,0.1284200391482819,-0.18220565326746033,0.05786702115149666,-0.09440824590539705,0.10412102667762739,0.1235265300023809,0.18267225233014395,-0.0331516552442799,0.5052186515682133,-0.2487591607847191,-0.0331516552442799,-0.16705007992790546,-0.1098378434595955,1.0,0.3224052574797422,0.15237107108731326,-0.07288078521204376,-0.1140962964213472,0.17182766415545744
mediation,0.03372481516366718,0.2187883346258099,-0.041764030924678286,-0.1013801253607417,0.21317298908175156,0.10307909887703048,0.26007901390621047,0.13197661100348668,0.12452296508308522,0.7292586522065967,0.10126583122700522,0.17474032415406854,-0.13463161337947355,0.19070219251581752,-0.08327214605322994,-0.06634346257511005,-0.23600665270530985,-0.11146267863404571,0.37374449117671915,0.10448057998503116,0.08352229588656743,0.4102355055541974,0.08898505507541006,0.08352229588656743,-0.009869275424396536,-0.02109873681424305,0.3224052574797422,1.0,0.2904237511801845,0.0622184906599424,-0.10307909887703048,0.17344547654330258
memberOf,-0.020776185240555797,0.6953219828757395,0.11711015955703737,0.062455264883844765,0.11686746987951807,0.0060799708882683465,0.16142283846901417,0.15949138753853737,-0.15392459541784395,0.172243787809624,0.04125450018558482,-0.007758475194384097,-0.10690025981921517,0.15262191115189644,-0.04362022096071424,-0.13308380722098492,-0.0860155692881952,-0.09026960902981648,0.11416734289313459,0.25385674768556904,0.1634010327486824,0.18384870366187583,0.13132530120481928,0.09178270775670672,0.0060799708882683465,0.05124880315904954,0.15237107108731326,0.2904237511801845,1.0,0.1358450544052477,-0.1452437489975216,0.19656327202253288
participation,0.09388193232185219,0.06292872000760824,0.1200947420812919,0.5794467044309968,-0.25196157393836394,-0.03223769959269378,0.07012698672710278,-0.0612497447932617,0.2221190418457658,0.0030796406769908356,-0.28339282221905643,0.19691599775130092,0.4483931740836008,-0.15213196327671805,0.3891822805828176,0.03286981134941327,-0.18319220350131385,0.5529926345697208,0.2847202146432851,-0.02264511486379325,0.6525634500093757,-0.038668789533858265,0.36807809347148024,0.5185374572856156,0.48862238794416263,0.5156718443390461,-0.07288078521204376,0.0622184906599424,0.1358450544052477,1.0,0.09734521053480083,0.0761754053810734
none_r,0.11990339657864413,-0.08726171906745601,0.14061521711690525,0.25267694851560474,-0.06350191816635828,-0.06363636363636363,0.030709138732173707,-0.029129695415344936,-0.04371384271862179,-0.04982714649866149,-0.005641889238885797,0.06253473474747705,0.12539146569997534,-0.022349847985951875,0.12539146569997534,0.09242424242424242,0.18356062532920114,0.053643174128257524,0.0005356869554443542,-0.0796870881024227,0.16374698337949178,0.07486325753428887,-0.0060799708882683465,0.08343298676955058,0.09242424242424242,0.06413460737579878,-0.1140962964213472,-0.10307909887703048,-0.1452437489975216,0.09734521053480083,1.0,0.004804999801042981
other_r,-0.08154642449567649,0.11217572992137999,-0.03838810192125618,0.12173485953609418,0.13443428141050612,0.11892374507581378,-0.09824216734491811,0.027251804777456586,-0.08175597908945827,0.05364768687134362,0.02370706244822352,0.02586735601214815,-0.00928587494237988,-0.04056836900345863,0.1032370802417528,-0.06666937223947136,0.08104104093569091,-0.14062222245620531,0.08961296449444917,0.014192139878798036,0.012364066354511871,0.2967672984850922,0.08623075421151986,-0.051310875371224265,0.11892374507581378,0.18622078016132693,0.17182766415545744,0.17344547654330258,0.19656327202253288,0.0761754053810734,0.004804999801042981,1.0
