Stereotype,category,datatype,event,kind,mode,phase,quality,relator,role,roleMixin,subkind,type,none_c,characterization,componentOf,derivation,externalDependence,instantiation,material,mediation,participation,none_r,other_r
category,1.0,0.1677316328589387,0.11437479384676373,0.022666549620576733,0.2420067335643765,-0.2517264522785793,0.256903660970977,-0.17120297625727274,-0.22150539994788448,0.2252666869817574,0.0653572529713186,0.37046600280551667,0.15040272055623222,0.3782436828993461,0.2690093170473145,-0.14588128897500066,0.15950814378018455,0.29777462691245493,0.07802079989371663,-0.15349168580414393,0.16272509950203726,0.15877783488065936,-0.13122985491489833
datatype,0.1677316328589387,1.0,0.1029212774757716,0.05239807634652331,-0.07295600235221705,-0.05848537392072898,0.12529462493610583,-0.07361097955249034,-0.23964309631260833,-0.05128606148599065,0.006178603074229407,0.1104496437626528,0.12116838427183887,-0.09351653962900731,0.1598725720670053,-0.0525993222407785,-0.050437780770051614,0.08708903417511353,0.05401718122810782,-0.013473850126715224,0.09746372989250116,-0.024597278989440495,-0.06530422730204989
event,0.11437479384676373,0.1029212774757716,1.0,-0.26083124666546753,0.16508400910638246,0.014477345814642339,0.1703353001391061,0.017643976964796918,-0.21379077938632152,0.275607561143174,-0.0697596543871877,0.3888078887411958,-0.01277554725194017,0.24434115975423396,-0.011846267199802587,0.004543946498135107,0.3195791443677383,0.3973748288507373,-0.03155889621902167,-0.07610830766088769,0.7422482775531216,0.059217999661492854,0.2395951856685384
kind,0.022666549620576733,0.05239807634652331,-0.26083124666546753,1.0,-0.00044652087040889264,0.2559982244796481,0.150937476818613,0.3812159550027109,0.26621822296803216,-0.25171510848205725,0.5240939937558499,-0.2843560368654983,-0.06529647751570217,-0.08718210010102526,0.39877570788150696,0.07866122420106157,-0.2602449537392037,-0.21766118525728426,0.2578388043721954,0.2232366241789,-0.31070396765304814,0.09472866123658516,-0.03678745931358564
mode,0.2420067335643765,-0.07295600235221705,0.16508400910638246,-0.00044652087040889264,1.0,-0.04096437639947179,0.25939385930549186,0.0647745924747963,0.09380300959243401,0.07390480870338513,0.13375528920213664,0.2435716011867171,0.05116596367948662,0.6136633469066957,0.21329832431217954,-0.0331539643664942,0.39613366717833665,0.20918715582458683,0.12536026479331816,0.12409466800423065,0.05212211929784027,-0.004975696656328459,0.0006804651307067061
phase,-0.2517264522785793,-0.05848537392072898,0.014477345814642339,0.2559982244796481,-0.04096437639947179,1.0,0.06072166217965565,0.23560417561109154,0.3342168076642826,-0.06922973755293685,0.2730376241994281,-0.11780606008002878,-0.0886447780899961,-0.05784331406729812,0.13165432715205036,0.041706282051941566,-0.15987528058613676,-0.06635293498921487,0.10981395437764549,0.3094524206307632,-0.1500240584276953,-0.14872136809714256,-0.010877545539336815
quality,0.256903660970977,0.12529462493610583,0.1703353001391061,0.150937476818613,0.25939385930549186,0.06072166217965565,1.0,0.16980304710358504,0.012918032759463495,0.03382866176305574,0.3376180374834288,0.14249498090657547,0.20729842221882613,0.6079497451072124,0.14355721381638908,-0.172066086636994,0.06316787573920435,0.16615852454961075,0.11759332695199537,0.0865765137754003,0.1920225382870127,-0.0977016772720801,-0.10116412945494371
relator,-0.17120297625727274,-0.07361097955249034,0.017643976964796918,0.3812159550027109,0.0647745924747963,0.23560417561109154,0.16980304710358504,1.0,0.34414603385293974,0.10735627998287574,0.3615572040063688,0.00023606626687508862,-0.14906154185196951,0.13792146772424785,0.36396473036978944,0.14051657293453862,0.05488041428185879,0.026965449643504846,0.20987491434962316,0.7626009419507918,-0.07947921482266769,-0.12299233993852535,0.09106359301713554
role,-0.22150539994788448,-0.23964309631260833,-0.21379077938632152,0.26621822296803216,0.09380300959243401,0.3342168076642826,0.012918032759463495,0.34414603385293974,1.0,0.016319507508371408,0.0781069718135152,-0.23234879404546419,-0.022853609675817167,-0.0055413994402923545,0.0863345667952041,0.21851583804746932,0.07669103182590717,-0.21553873883184418,0.0039188296402307725,0.43547194217960034,-0.36677458250221734,-0.06206673457986512,-0.1152139426940222
roleMixin,0.2252666869817574,-0.05128606148599065,0.275607561143174,-0.25171510848205725,0.07390480870338513,-0.06922973755293685,0.03382866176305574,0.10735627998287574,0.016319507508371408,1.0,-0.16326201525537196,0.39316728927430566,0.09988963426408061,0.19602749856407362,0.05511109700767158,0.05169303392579144,0.40098107070822303,0.41833896132333315,-0.04454691323215551,0.14866512896178963,0.23534817023872565,0.1273084934319741,0.11383189901462017
subkind,0.0653572529713186,0.006178603074229407,-0.0697596543871877,0.5240939937558499,0.13375528920213664,0.2730376241994281,0.3376180374834288,0.3615572040063688,0.0781069718135152,-0.16326201525537196,1.0,-0.08892626155006124,-0.1686784240907461,0.14567126777941033,0.307279380466461,-0.0958927014965427,-0.05031920829198542,-0.05254366718256596,0.21127486291562178,0.24712751832231897,-0.13221650721381673,-0.16832947514770116,-0.05867835162000973
type,0.37046600280551667,0.1104496437626528,0.3888078887411958,-0.2843560368654983,0.2435716011867171,-0.11780606008002878,0.14249498090657547,0.00023606626687508862,-0.23234879404546419,0.39316728927430566,-0.08892626155006124,1.0,0.04597379640743807,0.27925029391690764,0.20423332386102244,-0.24983610443798113,0.5060939903271643,0.9421403645607125,-0.21066124932680463,-0.0014572658095175293,0.4493594878949186,-0.04037500489676084,0.15754400994359272
none_c,0.15040272055623222,0.12116838427183887,-0.01277554725194017,-0.06529647751570217,0.05116596367948662,-0.0886447780899961,0.20729842221882613,-0.14906154185196951,-0.022853609675817167,0.09988963426408061,-0.1686784240907461,0.04597379640743807,1.0,0.08076260160980046,-0.05642254414687366,-0.005431225377729487,-0.0326455455434598,-0.008328882045291404,0.07466568094554567,-0.011525793848564806,0.06545380227156913,0.12233949512608952,-0.06505345046228181
characterization,0.3782436828993461,-0.09351653962900731,0.24434115975423396,-0.08718210010102526,0.6136633469066957,-0.05784331406729812,0.6079497451072124,0.13792146772424785,-0.0055413994402923545,0.19602749856407362,0.14567126777941033,0.27925029391690764,0.08076260160980046,1.0,0.23085402492542795,-0.12382477386045393,0.37595143956513155,0.2803290309022378,0.19002580405449607,0.10144898024829813,0.2155050079775636,-0.005821083416409068,0.004516780613714256
componentOf,0.2690093170473145,0.1598725720670053,-0.011846267199802587,0.39877570788150696,0.21329832431217954,0.13165432715205036,0.14355721381638908,0.36396473036978944,0.0863345667952041,0.05511109700767158,0.307279380466461,0.20423332386102244,-0.05642254414687366,0.23085402492542795,1.0,-0.13998865014980372,0.06347788571308303,0.2500053302130039,0.26650906397679797,0.2569174680848361,0.0029994799396331037,-0.13713334985705233,-0.013493905034150898
derivation,-0.14588128897500066,-0.0525993222407785,0.004543946498135107,0.07866122420106157,-0.0331539643664942,0.041706282051941566,-0.172066086636994,0.14051657293453862,0.21851583804746932,0.05169303392579144,-0.0958927014965427,-0.24983610443798113,-0.005431225377729487,-0.12382477386045393,-0.13998865014980372,1.0,-0.12812149816900376,-0.21476248479791096,0.3125505418798891,0.28091709298675205,-0.11334389499627354,0.10579894080478618,0.22747164169156261
externalDependence,0.15950814378018455,-0.050437780770051614,0.3195791443677383,-0.2602449537392037,0.39613366717833665,-0.15987528058613676,0.06316787573920435,0.05488041428185879,0.07669103182590717,0.40098107070822303,-0.05031920829198542,0.5060939903271643,-0.0326455455434598,0.37595143956513155,0.06347788571308303,-0.12812149816900376,1.0,0.4853563461271195,-0.28504466666223877,0.03864123813640045,0.23557440314446026,0.034392048531112426,0.10384387769543096
instantiation,0.29777462691245493,0.08708903417511353,0.3973748288507373,-0.21766118525728426,0.20918715582458683,-0.06635293498921487,0.16615852454961075,0.026965449643504846,-0.21553873883184418,0.41833896132333315,-0.05254366718256596,0.9421403645607125,-0.008328882045291404,0.2803290309022378,0.2500053302130039,-0.21476248479791096,0.4853563461271195,1.0,-0.157033552984505,0.025171206809568195,0.48644892644184407,-0.092518254189077,0.19114881335931344
material,0.07802079989371663,0.05401718122810782,-0.03155889621902167,0.2578388043721954,0.12536026479331816,0.10981395437764549,0.11759332695199537,0.20987491434962316,0.0039188296402307725,-0.04454691323215551,0.21127486291562178,-0.21066124932680463,0.07466568094554567,0.19002580405449607,0.26650906397679797,0.3125505418798891,-0.28504466666223877,-0.157033552984505,1.0,0.30914708318999456,-0.04548423806180056,-0.36613692805026365,0.07713246989392847
mediation,-0.15349168580414393,-0.013473850126715224,-0.07610830766088769,0.2232366241789,0.12409466800423065,0.3094524206307632,0.0865765137754003,0.7626009419507918,0.43547194217960034,0.14866512896178963,0.24712751832231897,-0.0014572658095175293,-0.011525793848564806,0.10144898024829813,0.2569174680848361,0.28091709298675205,0.03864123813640045,0.025171206809568195,0.30914708318999456,1.0,-0.1120247340193055,-0.2659533035232308,0.08839702854760988
participation,0.16272509950203726,0.09746372989250116,0.7422482775531216,-0.31070396765304814,0.05212211929784027,-0.1500240584276953,0.1920225382870127,-0.07947921482266769,-0.36677458250221734,0.23534817023872565,-0.13221650721381673,0.4493594878949186,0.06545380227156913,0.2155050079775636,0.0029994799396331037,-0.11334389499627354,0.23557440314446026,0.48644892644184407,-0.04548423806180056,-0.1120247340193055,1.0,-0.03187533446391308,0.14823341974049592
none_r,0.15877783488065936,-0.024597278989440495,0.059217999661492854,0.09472866123658516,-0.004975696656328459,-0.14872136809714256,-0.0977016772720801,-0.12299233993852535,-0.06206673457986512,0.1273084934319741,-0.16832947514770116,-0.04037500489676084,0.12233949512608952,-0.005821083416409068,-0.13713334985705233,0.10579894080478618,0.034392048531112426,-0.092518254189077,-0.36613692805026365,-0.2659533035232308,-0.03187533446391308,1.0,-0.039926304581537723
other_r,-0.13122985491489833,-0.06530422730204989,0.2395951856685384,-0.03678745931358564,0.0006804651307067061,-0.010877545539336815,-0.10116412945494371,0.09106359301713554,-0.1152139426940222,0.11383189901462017,-0.05867835162000973,0.15754400994359272,-0.06505345046228181,0.004516780613714256,-0.013493905034150898,0.22747164169156261,0.10384387769543096,0.19114881335931344,0.07713246989392847,0.08839702854760988,0.14823341974049592,-0.039926304581537723,1.0
