Stereotype,category,collective,datatype,event,kind,mixin,mode,phase,quality,relator,role,roleMixin,situation,subkind,type,none_c,other_c,bringsAbout,characterization,componentOf,creation,derivation,externalDependence,historicalDependence,instantiation,manifestation,material,mediation,memberOf,participation,none_r,other_r
category,1.0,0.048507125007266595,0.0880223595208481,0.08443879739131735,-0.021442861787304115,0.12037089408299008,0.3162361905573804,0.0691807355085706,0.20640422720186008,-0.030633520175369803,-0.009730660903997997,0.25075356498688345,0.16305409495504733,0.2691025683329034,0.22807407537405283,-0.030137194627631807,0.08001944780440169,0.2338340492167456,0.3223723047882543,0.23175955225964906,-0.010941023812191582,-0.061798754954916,0.12475846858067847,0.148675801566703,0.16302125480165458,0.11794942139932893,0.06081409657091598,0.035236129385024476,-0.030214941609383067,0.09611596992180603,0.12691587622142236,-0.09255113510827545
collective,0.048507125007266595,1.0,0.1141374353642886,-0.0485300112274194,0.09752021515001667,0.07612890663368321,0.1412795854818768,0.2983695510502833,-0.03386513443679516,0.17177512553985352,0.059289246455505686,-0.062118099353251445,-0.2596238997478432,0.21061641088524635,0.016074760739013736,-0.12168796422587773,-0.061129634611121676,-0.1890436242718668,0.12430831556747918,0.21554533891146846,0.029472517928975078,0.04560853668065128,0.016074760739013736,0.11145564251507056,0.029472517928975078,0.011909826683508273,0.0497199683211185,0.2130806821621664,0.6976446160731962,0.057777777777777775,-0.09322939344879871,0.12077996121974653
datatype,0.0880223595208481,0.1141374353642886,1.0,0.08045610167761785,0.11870800362411062,-0.011227217828476795,-0.005406392784243745,0.023629719690306528,0.18222379360245897,-0.14400971203271426,-0.05365326267617732,-0.08247647568524145,0.19968184604007583,0.05939566942817363,0.0627782711473662,0.0407695791555143,0.0407695791555143,0.14131232880601693,0.04294109424583882,0.137163686528586,0.0019219222685608929,0.0029741626587270107,0.002282846223540589,0.2255532370607385,0.0698298424243791,-0.10289142824317339,-0.015521910488577735,-0.04263980713421399,0.1232736960711918,0.1141374353642886,0.13389391804307554,-0.02937531729650951
event,0.08443879739131735,-0.0485300112274194,0.08045610167761785,1.0,-0.24909197807747444,-0.1110955833201716,0.17639665532879145,0.015089375712704049,0.1033552047432412,-0.1319880674070291,-0.1405685726040455,0.25014470855589505,0.5235935054630373,-0.010633527308849448,0.2976282826293353,0.07567236362666105,0.12742249617134538,0.3812515489293522,0.15862378876565725,-0.13190185900273765,0.45488541286309947,-0.012726460093801758,0.2976282826293353,0.3248893721471076,0.2914350611224603,0.34038232987079337,-0.024174325672916924,-0.10998859309346419,0.05494675987003112,0.5777181336551057,0.2533994446796701,0.11133951137151557
kind,-0.021442861787304115,0.09752021515001667,0.11870800362411062,-0.24909197807747444,1.0,0.0012708214194383722,0.033045606870931415,0.2721617828908051,0.04962993523287584,0.16080185903103064,0.48176130926368294,-0.1809671140428568,-0.21468807419901287,0.37904738388466347,-0.26046511627906976,-0.05207096168204146,0.013637632821487049,-0.23122741560118612,-0.020961125226574066,0.15955146609518767,-0.011747405388015286,0.3029839362175413,-0.26046511627906976,-0.31039864775121623,-0.21928490057628533,-0.2081992806388122,0.34136359556096174,0.21111816609626197,0.10930232558139535,-0.24326471251707454,-0.0574317596747414,0.1248604297899708
mixin,0.12037089408299008,0.07612890663368321,-0.011227217828476795,-0.1110955833201716,0.0012708214194383722,1.0,0.10935048321957369,0.2287230602128749,0.1887999683176149,0.00456471127787645,0.24000009315148355,0.12613528117095907,-0.059630733912704806,-0.07651301417479452,0.06608271381079535,0.10297762654752646,-0.18427575276925787,-0.05706353193852715,0.13446321855011928,0.009747660842063181,-0.09557784332743721,-0.030905754998184355,-0.06862435664967209,0.06902218064991945,0.05563486402641868,0.18203386447905476,0.08945750668694888,0.11842901908745984,-0.0012708214194383722,-0.048019771876630944,-0.05563486402641868,0.10601084255065016
mode,0.3162361905573804,0.1412795854818768,-0.005406392784243745,0.17639665532879145,0.033045606870931415,0.10935048321957369,1.0,0.11014008289645878,0.1974019045890283,0.1623851284074682,0.08858705156156375,0.2667683834227398,-0.06179921569121183,0.18632708041103146,0.21020677704009152,0.08416944080350804,-0.12331801792141876,0.07654743912221673,0.4841851920567577,0.1290828512668776,0.08140221458513287,0.04145828901369479,0.3075077306045007,0.051977286493997965,0.136013826901741,0.1677577606417203,0.1079389420801932,0.2263941619312289,0.16155630025788692,0.05160511805026638,0.027821010048083385,-0.0928654118116171
phase,0.0691807355085706,0.2983695510502833,0.023629719690306528,0.015089375712704049,0.2721617828908051,0.2287230602128749,0.11014008289645878,1.0,0.10605030968989268,0.06573133315654417,0.21212202348730286,0.012482724781892435,-0.04860902470896226,0.34268174962010295,-0.0638646782956763,-0.071760045126872,0.03928469623733868,-0.028361942260881005,0.023102226353318978,0.13481760963453063,-0.03915377339892205,0.07509773599206265,-0.11593895444445851,-0.02157283715208825,-0.03915377339892205,-0.0473174849721704,0.08016727752453925,0.15747292303759233,0.14443242629945255,-0.037579169555650244,-0.019301155900877068,0.013079060168736565
quality,0.20640422720186008,-0.03386513443679516,0.18222379360245897,0.1033552047432412,0.04962993523287584,0.1887999683176149,0.1974019045890283,0.10605030968989268,1.0,0.20097961390798033,0.13538351170785567,0.06593282100521948,0.22538196284587772,0.12272535649175868,0.2538762071527879,0.1114292592408667,-0.15823972431008923,0.26999457429932683,0.5333534423493435,-0.007320761336296776,0.043390363237175794,-0.06465941446363695,0.20329185008851064,0.18198290816576906,0.27052016586140465,0.2380682107247712,-0.026721325690128896,0.13456530571156422,-0.15079864936143042,0.24585207987231814,-0.043390363237175794,-0.07961705787137136
relator,-0.030633520175369803,0.17177512553985352,-0.14400971203271426,-0.1319880674070291,0.16080185903103064,0.00456471127787645,0.1623851284074682,0.06573133315654417,0.20097961390798033,1.0,0.14203295688024792,0.14094877519420265,-0.1219561281083279,0.14773690331348618,-0.10546095949437724,-0.21653829336576608,-0.15753300005787096,-0.08506485146570852,0.27170250093093073,0.054284214001990155,-0.011135041693905707,0.31923449121733394,0.06056173911558298,0.03619910984587427,-0.07325685324937965,-0.06446886471798942,0.20797890284964118,0.6916344565065204,0.1712435381888898,0.018765349848891562,-0.05098676986156824,0.055598042516339194
role,-0.009730660903997997,0.059289246455505686,-0.05365326267617732,-0.1405685726040455,0.48176130926368294,0.24000009315148355,0.08858705156156375,0.21212202348730286,0.13538351170785567,0.14203295688024792,1.0,0.021508129737137966,-0.19489355265752695,0.033698482456448874,-0.12285880778411191,0.0335220597702206,-0.07581142748034504,-0.28731589261669055,-0.020471588708179188,-0.01896285770304752,-0.06026892658426202,0.1739280873280104,-0.07158702185845892,-0.2593563302436766,-0.2329312567986343,-0.12901375174725851,0.1176239487190193,0.1014211905127385,0.030956549992847096,-0.271482339033105,0.0027148165128045958,0.011160504692867654
roleMixin,0.25075356498688345,-0.062118099353251445,-0.08247647568524145,0.25014470855589505,-0.1809671140428568,0.12613528117095907,0.2667683834227398,0.012482724781892435,0.06593282100521948,0.14094877519420265,0.021508129737137966,1.0,0.10548468457207291,-0.005558970560356962,0.278837083882361,0.1013971091514213,-0.1594789483740801,0.15280563773490577,0.14400642644971995,-0.011803429834298754,0.2072867214832363,-0.019246494099275417,0.32777206880211307,0.18031696368197445,0.2622177026762939,0.18242033355768628,-0.056131516123831944,0.1579933506218993,-0.014772825636151576,0.16337911062772983,0.0673681844820518,0.016387454214899573
situation,0.16305409495504733,-0.2596238997478432,0.19968184604007583,0.5235935054630373,-0.21468807419901287,-0.059630733912704806,-0.06179921569121183,-0.04860902470896226,0.22538196284587772,-0.1219561281083279,-0.19489355265752695,0.10548468457207291,1.0,-0.13211491773701642,0.08895914676754677,-0.0031616523471714487,0.1979194369329327,0.7281441518114216,0.19522428815602172,-0.09300162719109785,0.09253628236475217,0.08859813838292017,0.08895914676754677,0.25357554394829357,0.16310351927600203,0.22116477930768677,0.07400712604695471,-0.13388172100663456,-0.09963424437965238,0.4356215749453285,0.11916542836899739,-0.0010526094189823344
subkind,0.2691025683329034,0.21061641088524635,0.05939566942817363,-0.010633527308849448,0.37904738388466347,-0.07651301417479452,0.18632708041103146,0.34268174962010295,0.12272535649175868,0.14773690331348618,0.033698482456448874,-0.005558970560356962,-0.13211491773701642,1.0,-0.00800100018753907,-0.11463243489062806,0.0549169339243474,0.014755645476111152,0.057221911521882295,0.24207280806752338,-0.09598830130775071,-0.01042395048114086,-0.11401425267243176,-0.05547557634877001,-0.03648678119885261,-0.032109778904864814,0.1392044546138226,0.17073747119092503,0.15101887853979995,-0.13134721466585386,-0.02301473891004549,-0.03816459478686984
type,0.22807407537405283,0.016074760739013736,0.0627782711473662,0.2976282826293353,-0.26046511627906976,0.06608271381079535,0.21020677704009152,-0.0638646782956763,0.2538762071527879,-0.10546095949437724,-0.12285880778411191,0.278837083882361,0.08895914676754677,-0.00800100018753907,1.0,0.11777955618556996,-0.14505482182854407,0.23122741560118612,0.2141680186193437,0.10306430108012123,0.28846406563904203,-0.19592961208734339,0.5069767441860465,0.45283265927341937,0.8418973861410954,0.6648018409363452,-0.14417263572738165,-0.1120981412900506,-0.047674418604651166,0.35685968840610494,0.12661092473749808,0.09390329843708549
none_c,-0.030137194627631807,-0.12168796422587773,0.0407695791555143,0.07567236362666105,-0.05207096168204146,0.10297762654752646,0.08416944080350804,-0.071760045126872,0.1114292592408667,-0.21653829336576608,0.0335220597702206,0.1013971091514213,-0.0031616523471714487,-0.11463243489062806,0.11777955618556996,1.0,0.08922670191672175,0.01988210666655507,0.0009716984634549205,-0.0633973249203745,0.04383840653396384,-0.10337471879946371,-0.07934622732501555,-0.09455762068137086,-0.029921452078737226,0.0061237291411232065,0.06644628462243216,-0.07519844786148158,-0.14505482182854407,-0.0005713049963656232,0.1036813106914383,-0.08691831648840426
other_c,0.08001944780440169,-0.061129634611121676,0.0407695791555143,0.12742249617134538,0.013637632821487049,-0.18427575276925787,-0.12331801792141876,0.03928469623733868,-0.15823972431008923,-0.15753300005787096,-0.07581142748034504,-0.1594789483740801,0.1979194369329327,0.0549169339243474,-0.14505482182854407,0.08922670191672175,1.0,-0.06441802559963843,-0.10202833866276666,-0.0633973249203745,-0.17744116930413936,0.010768199874944135,-0.14505482182854407,-0.17049025547095656,-0.17744116930413936,-0.15615509309864176,-0.09123967440692177,-0.23356339103996598,-0.07934622732501555,-0.18224629384063376,0.17744116930413936,0.08801854834268787
bringsAbout,0.2338340492167456,-0.1890436242718668,0.14131232880601693,0.3812515489293522,-0.23122741560118612,-0.05706353193852715,0.07654743912221673,-0.028361942260881005,0.26999457429932683,-0.08506485146570852,-0.28731589261669055,0.15280563773490577,0.7281441518114216,0.014755645476111152,0.23122741560118612,0.01988210666655507,-0.06441802559963843,1.0,0.25956480745398847,0.045770272933330525,0.1281052593127583,-0.0077741994302736464,0.23122741560118612,0.4154616690701105,0.30561058594220114,0.3665813590958222,0.10381891142981432,-0.11085747348165124,-0.0850320173501136,0.5396336183760562,0.049400067316684566,-0.13371092930443168
characterization,0.3223723047882543,0.12430831556747918,0.04294109424583882,0.15862378876565725,-0.020961125226574066,0.13446321855011928,0.4841851920567577,0.023102226353318978,0.5333534423493435,0.27170250093093073,-0.020471588708179188,0.14400642644971995,0.19522428815602172,0.057221911521882295,0.2141680186193437,0.0009716984634549205,-0.10202833866276666,0.25956480745398847,1.0,0.25087804302298455,0.11253233734905374,0.048285128498174394,0.35907318866392096,0.2011529544684668,0.2751927158808678,0.27796709185441726,0.10862320585556355,0.3748627909439761,0.11756457192295888,0.30237157840738177,-0.004092084994511045,0.09462600928208408
componentOf,0.23175955225964906,0.21554533891146846,0.137163686528586,-0.13190185900273765,0.15955146609518767,0.009747660842063181,0.1290828512668776,0.13481760963453063,-0.007320761336296776,0.054284214001990155,-0.01896285770304752,-0.011803429834298754,-0.09300162719109785,0.24207280806752338,0.10306430108012123,-0.0633973249203745,-0.0633973249203745,0.045770272933330525,0.25087804302298455,1.0,0.02781075823199133,-0.048201410846432015,-0.001982005790002331,0.10764876920880496,0.2046871805874562,0.2190471604934023,0.18153484418733062,0.10031389303604894,0.26063376138530653,-0.026486503510307565,-0.08676956568381294,0.02550414844611731
creation,-0.010941023812191582,0.029472517928975078,0.0019219222685608929,0.45488541286309947,-0.011747405388015286,-0.09557784332743721,0.08140221458513287,-0.03915377339892205,0.043390363237175794,-0.011135041693905707,-0.06026892658426202,0.2072867214832363,0.09253628236475217,-0.09598830130775071,0.28846406563904203,0.04383840653396384,-0.17744116930413936,0.1281052593127583,0.11253233734905374,0.02781075823199133,1.0,0.04534780159009572,0.21928490057628533,0.32128122120254626,0.37875457875457874,0.36748868117618483,-0.05220583448256127,0.10014250132990801,0.15010573551352865,0.6670412731272115,0.16483516483516483,0.002316686930526285
derivation,-0.061798754954916,0.04560853668065128,0.0029741626587270107,-0.012726460093801758,0.3029839362175413,-0.030905754998184355,0.04145828901369479,0.07509773599206265,-0.06465941446363695,0.31923449121733394,0.1739280873280104,-0.019246494099275417,0.08859813838292017,-0.01042395048114086,-0.19592961208734339,-0.10337471879946371,0.010768199874944135,-0.0077741994302736464,0.048285128498174394,-0.048201410846432015,0.04534780159009572,1.0,-0.08887528795714546,-0.12137744181835836,-0.13490970973053476,-0.15838415914748716,0.4758425067917339,0.4129825940098885,0.17876052236834938,-0.05305482838361476,0.07482387262365793,0.28859720906104197
externalDependence,0.12475846858067847,0.016074760739013736,0.002282846223540589,0.2976282826293353,-0.26046511627906976,-0.06862435664967209,0.3075077306045007,-0.11593895444445851,0.20329185008851064,0.06056173911558298,-0.07158702185845892,0.32777206880211307,0.08895914676754677,-0.11401425267243176,0.5069767441860465,-0.07934622732501555,-0.14505482182854407,0.23122741560118612,0.35907318866392096,-0.001982005790002331,0.21928490057628533,-0.08887528795714546,1.0,0.3816156535123178,0.5651807258900687,0.4365005607875787,-0.2427681156441717,0.08594190832237213,0.1372093023255814,0.35685968840610494,-0.011747405388015286,0.09390329843708549
historicalDependence,0.148675801566703,0.11145564251507056,0.2255532370607385,0.3248893721471076,-0.31039864775121623,0.06902218064991945,0.051977286493997965,-0.02157283715208825,0.18198290816576906,0.03619910984587427,-0.2593563302436766,0.18031696368197445,0.25357554394829357,-0.05547557634877001,0.45283265927341937,-0.09455762068137086,-0.17049025547095656,0.4154616690701105,0.2011529544684668,0.10764876920880496,0.32128122120254626,-0.12137744181835836,0.3816156535123178,1.0,0.5611108651988133,0.5641523887327573,-0.031171336959708095,0.08096265115204702,0.09674763046791156,0.5052655794016532,0.07843485212456529,-0.044121215789079606
instantiation,0.16302125480165458,0.029472517928975078,0.0698298424243791,0.2914350611224603,-0.21928490057628533,0.05563486402641868,0.136013826901741,-0.03915377339892205,0.27052016586140465,-0.07325685324937965,-0.2329312567986343,0.2622177026762939,0.16310351927600203,-0.03648678119885261,0.8418973861410954,-0.029921452078737226,-0.17744116930413936,0.30561058594220114,0.2751927158808678,0.2046871805874562,0.37875457875457874,-0.13490970973053476,0.5651807258900687,0.5611108651988133,1.0,0.7946136834204347,-0.16288220358559113,-0.011010432083393027,0.011747405388015286,0.47577064656774054,0.08717948717948718,0.1251010942484194
manifestation,0.11794942139932893,0.011909826683508273,-0.10289142824317339,0.34038232987079337,-0.2081992806388122,0.18203386447905476,0.1677577606417203,-0.0473174849721704,0.2380682107247712,-0.06446886471798942,-0.12901375174725851,0.18242033355768628,0.22116477930768677,-0.032109778904864814,0.6648018409363452,0.0061237291411232065,-0.15615509309864176,0.3665813590958222,0.27796709185441726,0.2190471604934023,0.36748868117618483,-0.15838415914748716,0.4365005607875787,0.5641523887327573,0.7946136834204347,1.0,-0.10681783274386944,-0.021916966313157808,0.055998427206301216,0.5028593488592381,0.05963632106806508,0.191135073494768
material,0.06081409657091598,0.0497199683211185,-0.015521910488577735,-0.024174325672916924,0.34136359556096174,0.08945750668694888,0.1079389420801932,0.08016727752453925,-0.026721325690128896,0.20797890284964118,0.1176239487190193,-0.056131516123831944,0.07400712604695471,0.1392044546138226,-0.14417263572738165,0.06644628462243216,-0.09123967440692177,0.10381891142981432,0.10862320585556355,0.18153484418733062,-0.05220583448256127,0.4758425067917339,-0.2427681156441717,-0.031171336959708095,-0.16288220358559113,-0.10681783274386944,1.0,0.28694455042760764,0.15161380402298846,-0.08658132414539602,-0.11380871917198356,0.17086747115866432
mediation,0.035236129385024476,0.2130806821621664,-0.04263980713421399,-0.10998859309346419,0.21111816609626197,0.11842901908745984,0.2263941619312289,0.15747292303759233,0.13456530571156422,0.6916344565065204,0.1014211905127385,0.1579933506218993,-0.13388172100663456,0.17073747119092503,-0.1120981412900506,-0.07519844786148158,-0.23356339103996598,-0.11085747348165124,0.3748627909439761,0.10031389303604894,0.10014250132990801,0.4129825940098885,0.08594190832237213,0.08096265115204702,-0.011010432083393027,-0.021916966313157808,0.28694455042760764,1.0,0.28398195793479486,0.07619248634889587,-0.10014250132990801,0.1682872097962223
memberOf,-0.030214941609383067,0.6976446160731962,0.1232736960711918,0.05494675987003112,0.10930232558139535,-0.0012708214194383722,0.16155630025788692,0.14443242629945255,-0.15079864936143042,0.1712435381888898,0.030956549992847096,-0.014772825636151576,-0.09963424437965238,0.15101887853979995,-0.047674418604651166,-0.14505482182854407,-0.07934622732501555,-0.0850320173501136,0.11756457192295888,0.26063376138530653,0.15010573551352865,0.17876052236834938,0.1372093023255814,0.09674763046791156,0.011747405388015286,0.055998427206301216,0.15161380402298846,0.28398195793479486,1.0,0.12966973662804415,-0.15010573551352865,0.20328516255061363
participation,0.09611596992180603,0.057777777777777775,0.1141374353642886,0.5777181336551057,-0.24326471251707454,-0.048019771876630944,0.05160511805026638,-0.037579169555650244,0.24585207987231814,0.018765349848891562,-0.271482339033105,0.16337911062772983,0.4356215749453285,-0.13134721466585386,0.35685968840610494,-0.0005713049963656232,-0.18224629384063376,0.5396336183760562,0.30237157840738177,-0.026486503510307565,0.6670412731272115,-0.05305482838361476,0.35685968840610494,0.5052655794016532,0.47577064656774054,0.5028593488592381,-0.08658132414539602,0.07619248634889587,0.12966973662804415,1.0,0.0980412331106722,0.0703757254351279
none_r,0.12691587622142236,-0.09322939344879871,0.13389391804307554,0.2533994446796701,-0.0574317596747414,-0.05563486402641868,0.027821010048083385,-0.019301155900877068,-0.043390363237175794,-0.05098676986156824,0.0027148165128045958,0.0673681844820518,0.11916542836899739,-0.02301473891004549,0.12661092473749808,0.1036813106914383,0.17744116930413936,0.049400067316684566,-0.004092084994511045,-0.08676956568381294,0.16483516483516483,0.07482387262365793,-0.011747405388015286,0.07843485212456529,0.08717948717948718,0.05963632106806508,-0.11380871917198356,-0.10014250132990801,-0.15010573551352865,0.0980412331106722,1.0,-0.002316686930526285
other_r,-0.09255113510827545,0.12077996121974653,-0.02937531729650951,0.11133951137151557,0.1248604297899708,0.10601084255065016,-0.0928654118116171,0.013079060168736565,-0.07961705787137136,0.055598042516339194,0.011160504692867654,0.016387454214899573,-0.0010526094189823344,-0.03816459478686984,0.09390329843708549,-0.08691831648840426,0.08801854834268787,-0.13371092930443168,0.09462600928208408,0.02550414844611731,0.002316686930526285,0.28859720906104197,0.09390329843708549,-0.044121215789079606,0.1251010942484194,0.191135073494768,0.17086747115866432,0.1682872097962223,0.20328516255061363,0.0703757254351279,-0.002316686930526285,1.0
