year,num_class,ontouml_class,none_class,other_class,num_relation,ontouml_relation,none_relation,other_relation,ratio_class,cumulative_class,cumulative_ratio_class,ratio_ontouml_class,cumulative_ontouml_class,cumulative_ratio_ontouml_class,ratio_none_class,cumulative_none_class,cumulative_ratio_none_class,ratio_other_class,cumulative_other_class,cumulative_ratio_other_class,ratio_relation,cumulative_relation,cumulative_ratio_relation,ratio_ontouml_relation,cumulative_ontouml_relation,cumulative_ratio_ontouml_relation,ratio_none_relation,cumulative_none_relation,cumulative_ratio_none_relation,ratio_other_relation,cumulative_other_relation,cumulative_ratio_other_relation,ratio_ontouml_to_total_class,ratio_none_to_total_class,ratio_other_to_total_class,ratio_ontouml_to_total_relation,ratio_none_to_total_relation,ratio_other_to_total_relation,cumulative_ratio_ontouml_to_total_class,cumulative_ratio_none_to_total_class,cumulative_ratio_other_to_total_class,cumulative_ratio_ontouml_to_total_relation,cumulative_ratio_none_to_total_relation,cumulative_ratio_other_to_total_relation
2005,43,43,0,0,25,16,4,5,0.010787757150025088,43,0.010787757150025088,0.011577813677975229,43,0.011577813677975229,0.0,0,0.0,0.0,0,0.0,0.007098239636570131,25,0.007098239636570131,0.009174311926605505,16,0.009174311926605505,0.002544529262086514,4,0.002544529262086514,0.024271844660194174,5,0.024271844660194174,0.010787757150025088,0.0,0.0,0.004542873367404884,0.001135718341851221,0.0014196479273140261,0.010787757150025088,0.0,0.0,0.004542873367404884,0.001135718341851221,0.0014196479273140261
2007,20,16,0,4,20,0,20,0,0.005017561465127948,63,0.015805318615153035,0.004308023694130318,59,0.015885837372105548,0.0,0,0.0,0.042105263157894736,4,0.042105263157894736,0.0056785917092561046,45,0.012776831345826235,0.0,16,0.009174311926605505,0.01272264631043257,24,0.015267175572519083,0.0,5,0.024271844660194174,0.004014049172102358,0.0,0.0010035122930255895,0.0,0.0056785917092561046,0.0,0.014801806322127445,0.0,0.0010035122930255895,0.004542873367404884,0.0068143100511073255,0.0014196479273140261
2011,15,15,0,0,7,2,0,5,0.003763171098845961,78,0.019568489713998997,0.004038772213247173,74,0.01992460958535272,0.0,0,0.0,0.0,4,0.042105263157894736,0.0019875070982396364,52,0.014764338444065871,0.0011467889908256881,18,0.010321100917431193,0.0,24,0.015267175572519083,0.024271844660194174,10,0.04854368932038835,0.003763171098845961,0.0,0.0,0.0005678591709256105,0.0,0.0014196479273140261,0.018564977420973405,0.0,0.0010035122930255895,0.005110732538330494,0.0068143100511073255,0.0028392958546280523
2012,116,116,0,0,60,27,28,5,0.029101856497742096,194,0.04867034621174109,0.031233171782444804,190,0.05115778136779752,0.0,0,0.0,0.0,4,0.042105263157894736,0.017035775127768313,112,0.03180011357183418,0.01548165137614679,45,0.025802752293577983,0.017811704834605598,52,0.03307888040712468,0.024271844660194174,15,0.07281553398058252,0.029101856497742096,0.0,0.0,0.007666098807495741,0.007950028392958546,0.0014196479273140261,0.047666833918715505,0.0,0.0010035122930255895,0.012776831345826235,0.014764338444065871,0.004258943781942078
2013,55,55,0,0,33,30,0,3,0.013798294029101857,249,0.06246864024084295,0.014808831448572967,245,0.06596661281637049,0.0,0,0.0,0.0,4,0.042105263157894736,0.009369676320272573,145,0.041169789892106755,0.017201834862385322,75,0.0430045871559633,0.0,52,0.03307888040712468,0.014563106796116505,18,0.08737864077669903,0.013798294029101857,0.0,0.0,0.008517887563884156,0.0,0.0008517887563884157,0.06146512794781736,0.0,0.0010035122930255895,0.02129471890971039,0.014764338444065871,0.005110732538330494
2014,30,17,7,6,26,13,13,0,0.007526342197691922,279,0.06999498243853487,0.0045772751750134625,262,0.07054388799138395,0.03954802259887006,7,0.03954802259887006,0.06315789473684211,10,0.10526315789473684,0.0073821692220329355,171,0.048551959114139696,0.007454128440366973,88,0.05045871559633028,0.00826972010178117,65,0.041348600508905854,0.0,18,0.08737864077669903,0.004264927245358756,0.0017561465127947818,0.0015052684395383843,0.0036910846110164677,0.0036910846110164677,0.0,0.06573005519317611,0.0017561465127947818,0.002508780732563974,0.02498580352072686,0.01845542305508234,0.005110732538330494
2015,104,104,0,0,66,37,20,9,0.02609131961866533,383,0.0960863020572002,0.028002154011847066,366,0.09854604200323101,0.0,7,0.03954802259887006,0.0,10,0.10526315789473684,0.018739352640545145,237,0.06729131175468483,0.02121559633027523,125,0.0716743119266055,0.01272264631043257,85,0.05407124681933842,0.043689320388349516,27,0.13106796116504854,0.02609131961866533,0.0,0.0,0.010505394662123793,0.0056785917092561046,0.002555366269165247,0.09182137481184144,0.0017561465127947818,0.002508780732563974,0.03549119818285065,0.024134014764338445,0.007666098807495741
2016,57,49,0,8,100,39,27,34,0.014300050175614651,440,0.11038635223281486,0.013193322563274098,415,0.11173936456650511,0.0,7,0.03954802259887006,0.08421052631578947,18,0.18947368421052632,0.028392958546280524,337,0.09568427030096537,0.02236238532110092,164,0.09403669724770643,0.01717557251908397,112,0.07124681933842239,0.1650485436893204,61,0.2961165048543689,0.012293025589563472,0.0,0.002007024586051179,0.011073253833049404,0.007666098807495741,0.009653605905735378,0.10411440040140492,0.0017561465127947818,0.004515805318615153,0.04656445201590006,0.03180011357183418,0.017319704713231118
2017,291,237,29,25,286,38,228,20,0.07300551931761164,731,0.1833918715504265,0.06381260096930533,652,0.17555196553581046,0.1638418079096045,36,0.2033898305084746,0.2631578947368421,43,0.45263157894736844,0.08120386144236229,623,0.17688813174332765,0.021788990825688075,202,0.1158256880733945,0.1450381679389313,340,0.21628498727735368,0.0970873786407767,81,0.3932038834951456,0.059458103361766185,0.007275464124435524,0.006271951831409934,0.010789324247586598,0.06473594548551959,0.0056785917092561046,0.1635725037631711,0.009031610637230306,0.010787757150025088,0.05735377626348666,0.09653605905735378,0.022998296422487224
2018,270,241,17,12,276,96,178,2,0.0677370797792273,1001,0.2511289513296538,0.06488960689283792,893,0.24044157242864836,0.096045197740113,53,0.2994350282485876,0.12631578947368421,55,0.5789473684210527,0.07836456558773425,899,0.2552526973310619,0.05504587155963303,298,0.17087155963302753,0.11323155216284987,518,0.32951653944020354,0.009708737864077669,83,0.4029126213592233,0.06046161565479177,0.004264927245358756,0.0030105368790767687,0.027257240204429302,0.05053946621237933,0.0005678591709256105,0.22403411941796286,0.013296537882589061,0.013798294029101857,0.08461101646791595,0.1470755252697331,0.023566155593412835
2019,314,303,0,11,295,129,87,79,0.07877571500250878,1315,0.3299046663321626,0.0815831987075929,1196,0.32202477113624123,0.0,53,0.2994350282485876,0.11578947368421053,66,0.6947368421052632,0.08375922771152754,1194,0.3390119250425894,0.07396788990825688,427,0.2448394495412844,0.05534351145038168,605,0.3848600508905852,0.38349514563106796,162,0.7864077669902912,0.07601605619668841,0.0,0.0027596588058203713,0.036626916524701875,0.024701873935264053,0.022430437251561613,0.3000501756146513,0.013296537882589061,0.01655795283492223,0.12123793299261783,0.17177739920499716,0.04599659284497445
2020,529,433,87,9,487,133,342,12,0.13271450075263422,1844,0.4626191670847968,0.11658589122240172,1629,0.438610662358643,0.4915254237288136,140,0.7909604519774012,0.09473684210526316,75,0.7894736842105263,0.13827370812038614,1681,0.47728563316297556,0.07626146788990826,560,0.3211009174311927,0.21755725190839695,947,0.6024173027989822,0.05825242718446602,174,0.8446601941747572,0.10863020572002006,0.021826392373306573,0.0022579026593075764,0.037762634866553096,0.09710391822827939,0.0034071550255536627,0.4086803813346713,0.035122930255895635,0.018815855494229806,0.15900056785917094,0.26888131743327653,0.049403747870528106
2021,763,742,10,11,611,390,214,7,0.1914199698946312,2607,0.654039136979428,0.19978459881529348,2371,0.6383952611739364,0.05649717514124294,150,0.847457627118644,0.11578947368421053,86,0.9052631578947369,0.173480976717774,2292,0.6507666098807495,0.22362385321100917,950,0.5447247706422018,0.1361323155216285,1161,0.7385496183206107,0.03398058252427184,181,0.8786407766990292,0.18615153035624687,0.002508780732563974,0.0027596588058203713,0.11073253833049404,0.06076093128904032,0.0019875070982396364,0.5948319116909182,0.03763171098845961,0.021575514300050176,0.26973310618966495,0.32964224872231684,0.051391254968767744
2022,592,584,6,2,523,345,176,2,0.14851981936778724,3199,0.8025589563472153,0.15724286483575659,2955,0.7956381260096931,0.03389830508474576,156,0.8813559322033898,0.021052631578947368,88,0.9263157894736842,0.14849517319704714,2815,0.7992617830777967,0.1978211009174312,1295,0.742545871559633,0.11195928753180662,1337,0.8505089058524173,0.009708737864077669,183,0.8883495145631068,0.14651279478173607,0.0015052684395383843,0.0005017561465127947,0.09795570698466781,0.04997160704145372,0.0005678591709256105,0.7413447064726543,0.039136979427997994,0.02207727044656297,0.3676888131743328,0.3796138557637706,0.051959114139693355
2023,498,470,21,7,435,236,186,13,0.1249372804816859,3697,0.9274962368289011,0.12654819601507808,3425,0.9221863220247711,0.11864406779661017,177,1.0,0.07368421052631578,95,1.0,0.12350936967632027,3250,0.922771152754117,0.1353211009174312,1531,0.8778669724770642,0.1183206106870229,1523,0.9688295165394402,0.06310679611650485,196,0.9514563106796117,0.11791269443050677,0.0052684395383843455,0.0017561465127947818,0.06700738216922203,0.05281090289608177,0.0036910846110164677,0.859257400903161,0.04440541896638234,0.023833416959357753,0.4346961953435548,0.43242475865985236,0.055650198750709826
2024,289,289,0,0,272,213,49,10,0.07250376317109884,3986,1.0,0.07781367797522887,3714,1.0,0.0,177,1.0,0.0,95,1.0,0.07722884724588303,3522,1.0,0.12213302752293578,1744,1.0,0.031170483460559797,1572,1.0,0.04854368932038835,206,1.0,0.07250376317109884,0.0,0.0,0.06047700170357751,0.013912549687677456,0.0028392958546280523,0.9317611640742599,0.04440541896638234,0.023833416959357753,0.4951731970471323,0.4463373083475298,0.05848949460533787
