Stereotype,abstract,category,collective,datatype,enumeration,event,historicalRole,historicalRoleMixin,kind,mixin,mode,phase,phaseMixin,quality,quantity,relator,role,roleMixin,situation,subkind,type,none,other
abstract,0.06458143637762698,0.06458143637762749,0.0040342394384781655,0.003448628164879286,0.0007351046739784567,0.048077932078580875,0.0,0.0,0.0258810824024552,0.0020147182052678153,0.024688614105703492,0.005986710216515971,0.0,0.028698563877013958,0.0010423456517636986,0.01731590224765782,0.014598059075790468,0.0,0.04807793207858149,0.01731590224765761,0.04184878750995586,0.041848787509955875,0.04807793207858113
category,0.06458143637762749,2.1844731077333583,0.3847956310807463,0.4241461636665463,0.09930841496233452,0.7643761613465445,0.0,0.0,1.1677791662285208,0.13299554209914774,0.6974724700028236,0.5378538689562622,0.0,0.6975172897726475,0.09357716500484169,0.6613099890027389,0.8580844619181267,0.0,0.37595035672897215,1.1787228179548648,0.4822376224895117,0.39141863884403816,0.6658910033560798
collective,0.0040342394384781655,0.3847956310807463,1.0341256441206328,0.1953206490708425,0.0643471511272046,0.3293129833495035,0.0,0.0,0.585926702111503,0.031355628964512314,0.3120021920230746,0.3906928098139756,0.0,0.192878544113147,0.11595408261213447,0.43053513371610935,0.40921759010549874,0.0,0.06755238799959251,0.6020622777591498,0.24388779211458522,0.10856889586016871,0.28273542320268824
datatype,0.003448628164879286,0.4241461636665463,0.1953206490708425,1.001486098392328,0.16719858876965754,0.34601690565681553,0.0,0.0,0.5527513571916524,0.0546325686937442,0.2844224396041206,0.3046259397735559,0.0,0.2298428988205768,0.10338657472151708,0.3281432349208846,0.3653501558595565,0.0,0.15705209537195075,0.5172166256387042,0.16891260686716333,0.13460941244682081,0.335202359148464
enumeration,0.0007351046739784567,0.09930841496233452,0.0643471511272046,0.16719858876965754,0.3214551280707574,0.09363069997740839,0.0,0.0,0.19347230884018204,0.010347291211360604,0.0714171462043995,0.12704605867630647,0.0,0.10385977484943341,0.04146918929246806,0.12926289831572801,0.1479153667112924,0.0,0.04383383769354953,0.19331753572846283,0.12098923483813126,0.012111896139900998,0.11666887651557115
event,0.048077932078580875,0.7643761613465445,0.3293129833495035,0.34601690565681553,0.09363069997740839,1.8855772330343714,0.0,0.0,0.9803626064610624,0.0962929648407161,0.6498050841075019,0.6035430071618921,0.0,0.603334326758926,0.19359963199799965,0.7358138485070082,0.7357169832855399,0.0,0.5466554341277129,0.9478117343192125,0.5434377614207183,0.29919283451501727,0.8330787195717984
historicalRole,0.0,0.0,0.0,0.0,0.0,0.0,0.0,0.0,0.0,0.0,0.0,0.0,0.0,0.0,0.0,0.0,0.0,0.0,0.0,0.0,0.0,0.0,0.0
historicalRoleMixin,0.0,0.0,0.0,0.0,0.0,0.0,0.0,0.0,0.0,0.0,0.0,0.0,0.0,0.0,0.0,0.0,0.0,0.0,0.0,0.0,0.0,0.0,0.0
kind,0.0258810824024552,1.1677791662285208,0.585926702111503,0.5527513571916524,0.19347230884018204,0.9803626064610624,0.0,0.0,3.0033965356172816,0.20331445608558468,0.9505862492536459,0.9167665380308295,0.0,0.9501055124643191,0.23527367136414343,1.2840526510530712,1.4124744042537238,0.0,0.38771740509392294,1.7974202648434021,0.45805950479947605,0.48364941144600004,0.9206872905579556
mixin,0.0020147182052678153,0.13299554209914774,0.031355628964512314,0.0546325686937442,0.010347291211360604,0.0962929648407161,0.0,0.0,0.20331445608558468,0.514483952820954,0.12779347517199896,0.1354192157009616,0.0,0.20322970429272386,0.020992509504206405,0.16621125705265455,0.24543238770613476,0.0,0.024834183698309073,0.26432706240038006,0.040525757228879994,0.10665540042074474,0.09202145652406771
mode,0.024688614105703492,0.6974724700028236,0.3120021920230746,0.2844224396041206,0.0714171462043995,0.6498050841075019,0.0,0.0,0.9505862492536459,0.12779347517199896,1.7960160031993953,0.4759443370045481,0.0,0.6098203368356477,0.13294316308156012,0.6822676217845974,0.7798406583999375,0.0,0.1974827529672155,1.0319117769898358,0.3771334444249072,0.34096770457672126,0.4554916144290161
phase,0.005986710216515971,0.5378538689562622,0.3906928098139756,0.3046259397735559,0.12704605867630647,0.6035430071618921,0.0,0.0,0.9167665380308295,0.1354192157009616,0.4759443370045481,1.6214669176926562,0.0,0.4877897587405197,0.14310677781812248,0.7393302261386511,0.8574776196088832,0.0,0.19466577148123365,1.0124460183950044,0.24376516108711446,0.19953505175067107,0.5779186395895093
phaseMixin,0.0,0.0,0.0,0.0,0.0,0.0,0.0,0.0,0.0,0.0,0.0,0.0,0.0,0.0,0.0,0.0,0.0,0.0,0.0,0.0,0.0,0.0,0.0
quality,0.028698563877013958,0.6975172897726475,0.192878544113147,0.2298428988205768,0.10385977484943341,0.603334326758926,0.0,0.0,0.9501055124643191,0.20322970429272386,0.6098203368356477,0.4877897587405197,0.0,1.7521217674696028,0.0806434479940612,0.6876098406277288,0.7897919092487827,0.0,0.2621790496289492,1.1317419817338878,0.2569508317685083,0.3277928165811074,0.4923214208356083
quantity,0.0010423456517636986,0.09357716500484169,0.11595408261213447,0.10338657472151708,0.04146918929246806,0.19359963199799965,0.0,0.0,0.23527367136414343,0.020992509504206405,0.13294316308156012,0.14310677781812248,0.0,0.0806434479940612,0.3664776406488713,0.18724512148687034,0.26327926908084615,0.0,0.09637056188473384,0.18640964910513122,0.09383585389112567,0.04686004898759492,0.14045433718810768
relator,0.01731590224765782,0.6613099890027389,0.43053513371610935,0.3281432349208846,0.12926289831572801,0.7358138485070082,0.0,0.0,1.2840526510530712,0.16621125705265455,0.6822676217845974,0.7393302261386511,0.0,0.6876098406277288,0.18724512148687034,2.240137654822707,0.9629142357529812,0.0,0.23985379620600392,1.3111531587344039,0.36993096759484523,0.2793827676477052,0.6175729587556925
role,0.014598059075790468,0.8580844619181267,0.40921759010549874,0.3653501558595565,0.1479153667112924,0.7357169832855399,0.0,0.0,1.4124744042537238,0.24543238770613476,0.7798406583999375,0.8574776196088832,0.0,0.7897919092487827,0.26327926908084615,0.9629142357529812,2.422939201189936,0.0,0.2973397840643848,1.3945883931557228,0.3543666443928828,0.47415850528575676,0.7193230357109466
roleMixin,0.0,0.0,0.0,0.0,0.0,0.0,0.0,0.0,0.0,0.0,0.0,0.0,0.0,0.0,0.0,0.0,0.0,0.0,0.0,0.0,0.0,0.0,0.0
situation,0.04807793207858149,0.37595035672897215,0.06755238799959251,0.15705209537195075,0.04383383769354953,0.5466554341277129,0.0,0.0,0.38771740509392294,0.024834183698309073,0.1974827529672155,0.19466577148123365,0.0,0.2621790496289492,0.09637056188473384,0.23985379620600392,0.2973397840643848,0.0,0.7847577039906284,0.39505935522399693,0.18493798274936651,0.1536622365391585,0.3563748143060033
subkind,0.01731590224765761,1.1787228179548648,0.6020622777591498,0.5172166256387042,0.19331753572846283,0.9478117343192125,0.0,0.0,1.7974202648434021,0.26432706240038006,1.0319117769898358,1.0124460183950044,0.0,1.1317419817338878,0.18640964910513122,1.3111531587344039,1.3945883931557228,0.0,0.39505935522399693,2.8617634334904136,0.5005650879141643,0.45287597434098004,0.9041611437591426
type,0.04184878750995586,0.4822376224895117,0.24388779211458522,0.16891260686716333,0.12098923483813126,0.5434377614207183,0.0,0.0,0.45805950479947605,0.040525757228879994,0.3771334444249072,0.24376516108711446,0.0,0.2569508317685083,0.09383585389112567,0.36993096759484523,0.3543666443928828,0.0,0.18493798274936651,0.5005650879141643,0.9830826229267576,0.1622053338816946,0.4976155772332096
none,0.041848787509955875,0.39141863884403816,0.10856889586016871,0.13460941244682081,0.012111896139900998,0.29919283451501727,0.0,0.0,0.48364941144600004,0.10665540042074474,0.34096770457672126,0.19953505175067107,0.0,0.3277928165811074,0.04686004898759492,0.2793827676477052,0.47415850528575676,0.0,0.1536622365391585,0.45287597434098004,0.1622053338816946,0.8083144179659426,0.2933914341240576
other,0.04807793207858113,0.6658910033560798,0.28273542320268824,0.335202359148464,0.11666887651557115,0.8330787195717984,0.0,0.0,0.9206872905579556,0.09202145652406771,0.4554916144290161,0.5779186395895093,0.0,0.4923214208356083,0.14045433718810768,0.6175729587556925,0.7193230357109466,0.0,0.3563748143060033,0.9041611437591426,0.4976155772332096,0.2933914341240576,1.881641574597029
