Stereotype,abstract,category,collective,datatype,enumeration,event,historicalRole,historicalRoleMixin,kind,mixin,mode,phase,phaseMixin,quality,quantity,relator,role,roleMixin,situation,subkind,type,bringsAbout,characterization,comparative,componentOf,creation,derivation,externalDependence,formal,historicalDependence,instantiation,manifestation,material,mediation,memberOf,participation,participational,subCollectionOf,subQuantityOf,termination,triggers
abstract,0.04722039230365834,0.0359497064408952,0.00282901957888549,0.00202428109340793,0.0006203955355445628,0.031695656491589876,0.00033880437186162293,0.035949706440895,0.014941490946606108,0.0016093874080644124,0.01855810084395127,0.0034134755999422756,0.04722039230365833,0.021696092607826775,0.0008381800394043556,0.011304279383537612,0.009624365460029892,0.04722039230365842,0.02687883037121165,0.011041973193482074,0.031695656491590486,0.028933070527436933,0.019236393956716343,0.0004082930922835043,0.025241796749204536,0.026878830371212428,0.0031159967286930462,0.0016906895761404708,0.0017728130060299038,0.03594970644089502,0.035949706440895006,0.028933070527436926,0.02524179674920457,0.008232846390968496,0.00246149178894655,0.03169565649159046,0.0002699045530604252,0.0004082930922835043,0.0002699045530604252,0.0002699045530604252,0.000692344096797623
category,0.0359497064408952,2.2739780015084627,0.3562717090959047,0.35134946156961055,0.1547039580907022,0.6835080921378871,0.08703832098845296,0.05525367878717245,1.026186499713434,0.2606692883086413,0.7232075230096662,0.5404430623018118,0.13272650563446142,0.5516169187832489,0.17528291412031688,0.7257163045495166,0.7984148158036196,0.6509673425012211,0.30307081822125215,1.12049629864863,0.5475291296521816,0.24790173824746842,0.8580475100823485,0.13985639451697093,0.567465186101731,0.2306166322491891,0.35400221527411385,0.27131300259515506,0.3671444402317098,0.2431368180197283,0.3146820282116149,0.22378565773574416,0.6362378745357277,0.8383079704435885,0.3644563769470795,0.4317005826698702,0.065847014728136,0.12228986306066592,0.09801843740350555,0.06882994269844098,0.17210633974886147
collective,0.00282901957888549,0.3562717090959047,1.0829659364214776,0.18894116817293286,0.08607736989439749,0.24155219575196282,0.06437605989253598,0.026342986355897345,0.48341588986149625,0.13232235607677167,0.32418263831198996,0.31884555199458414,0.03859651452862702,0.14927302458906314,0.1556375016224265,0.4216165605710016,0.4312846559092642,0.24734599603848817,0.05763552256149004,0.5687220471719522,0.26829886739666076,0.03592215900335484,0.3917076563269215,0.052364505708094033,0.3812190220554453,0.150019242159793,0.23399763069183505,0.13341327619100843,0.2482654987202767,0.09971325641688025,0.1477597995513793,0.060526778554022456,0.38336022592787183,0.5789937659517062,0.5273236377423223,0.22622757279035555,0.055590120409958546,0.21537884367547067,0.10638794382401502,0.029160610378133472,0.02961677525282686
datatype,0.00202428109340793,0.35134946156961055,0.18894116817293286,0.9141879227896943,0.14739179799444846,0.23428983507145015,0.052596425938328126,0.017904781423675527,0.4169707911284684,0.0899384474719224,0.2628381623381179,0.21679500316769515,0.0858886306343575,0.17688633522364602,0.09986129787896691,0.27739060361129103,0.302469672295114,0.1992655494930327,0.10794643938441283,0.43887057510785094,0.17535164146363919,0.08590928299180421,0.2795116277466945,0.12416048990619402,0.3208938171019899,0.11663775127753309,0.1139054102990825,0.09867301024615441,0.11699081645501558,0.14392104319139692,0.1527819800802635,0.07239785734425763,0.27037286543883204,0.381056608150027,0.1496911665181903,0.18797776313143488,0.03939929029348342,0.09077360720284058,0.0311702378835619,0.08450982012007702,0.03970280061620837
enumeration,0.0006203955355445628,0.1547039580907022,0.08607736989439749,0.14739179799444846,0.41126632709524313,0.09199659415955255,0.0031559843078288116,0.0018772016720191784,0.23233658173631247,0.07570836551735188,0.13863513236885674,0.13714343737517215,0.051199537556788154,0.09643552125381841,0.11375390679589287,0.17580265322423835,0.19843126479283138,0.13959907065311686,0.06373256996348516,0.2221550029531705,0.11459646597985568,0.03530036957189425,0.161431009812003,0.05003757223962633,0.18161789905595702,0.037648888994743654,0.0858143376046359,0.03810564521380201,0.07292743824962938,0.03408833509380031,0.07314954306842142,0.024640685951784203,0.18833947279645757,0.18266973328178504,0.088860740437747,0.04523288141925213,0.0025137979734031826,0.05003757223962633,0.04889601023765718,0.03762532437489385,0.006454330000350492
event,0.031695656491589876,0.6835080921378871,0.24155219575196282,0.23428983507145015,0.09199659415955255,1.9064485234566086,0.16780588501739435,0.0878698605280743,0.8126097803251802,0.1774473980647776,0.613122175381966,0.4955159995378664,0.07949405062948045,0.439181361500015,0.18172240926986752,0.591195419008033,0.691841133354626,0.7111271626512947,0.4817847842784124,0.8678909974817193,0.5200589560282687,0.2924226358052028,0.7333255901647436,0.13487064637624355,0.4418865898445384,0.5139954050205149,0.29556290320365847,0.37041255523751954,0.2709838497312822,0.38183769171371496,0.35858264721404676,0.3011271630903583,0.5665907161575083,0.7483400238168878,0.2829039190936435,0.7418559373894992,0.14615935495647575,0.13264716076230285,0.11642699370491486,0.12590802856389902,0.24166905231462882
historicalRole,0.00033880437186162293,0.08703832098845296,0.06437605989253598,0.052596425938328126,0.0031559843078288116,0.16780588501739435,0.23543000019397414,0.047767016734565855,0.13746475920118495,0.008196294339868855,0.043175264712021176,0.0642853104247438,0.0027929715386249693,0.043364045656196476,0.0928399169421165,0.10263690578754384,0.12588256551464594,0.11604855435336162,0.09859779050559034,0.11174573303282799,0.08457458537654503,0.004264891496494734,0.06816655612341083,0.037333892730862225,0.038736619602930226,0.1509509723954675,0.09763294166698243,0.08781741446144697,0.03216229519827622,0.057147564353370615,0.08660964106662294,0.08545886758534169,0.06553833011923524,0.1530157240887662,0.06434514825655274,0.14115659073881054,0.0013724996793438929,0.0020765303867640236,0.0013724996793438929,0.048043813864720036,0.0035222686079687607
historicalRoleMixin,0.035949706440895,0.05525367878717245,0.026342986355897345,0.017904781423675527,0.0018772016720191784,0.0878698605280743,0.047767016734565855,0.1301900180149749,0.05904367617510327,0.004872416956997215,0.017900202472151558,0.010346126262458392,0.06523138205337733,0.017565207244663282,0.028428628264865294,0.05437479514345984,0.04096410918042089,0.07229033543233251,0.01854594912166297,0.05809548598467747,0.09268668664845169,0.019212182558327226,0.021389229844970242,0.0012352790455034054,0.04137333118350192,0.08950689415008081,0.009442577256837205,0.05304806749224698,0.02866991118103833,0.07659917466531102,0.10339459634014293,0.05432370895981788,0.02334196459047049,0.06367040253756541,0.02560372891198647,0.09432372027046029,0.025087256469816945,0.0012352790455034054,0.0008165289839679388,0.03635794233258028,0.0020949861758797553
kind,0.014941490946606108,1.026186499713434,0.48341588986149625,0.4169707911284684,0.23233658173631247,0.8126097803251802,0.13746475920118495,0.05904367617510327,2.9352139130495702,0.27163222707138673,0.8637948944655457,0.746842621374308,0.12516381107279034,0.6930971870234401,0.24866634843013447,1.129942644488473,1.281208985787571,0.707569560782804,0.29683131287058384,1.515995311698727,0.4604563718839269,0.17466314588046664,1.0132040078593663,0.16761757147822975,0.8668068730272152,0.34500693368567054,0.5884355137078529,0.33656424500320914,0.39200397133913545,0.21965473492766246,0.3018908698456177,0.20106970785528158,0.960358965459299,1.1591487239394178,0.43065458973475157,0.5150661246374644,0.10100985344363911,0.183484741455219,0.12588487516034674,0.09606567245440506,0.13663588051716968
mixin,0.0016093874080644124,0.2606692883086413,0.13232235607677167,0.0899384474719224,0.07570836551735188,0.1774473980647776,0.008196294339868855,0.004872416956997215,0.27163222707138673,0.6770692963475359,0.27176709475990973,0.2076329636821156,0.017766365469212418,0.16394459131653252,0.12120527087986384,0.3064629363026156,0.34388324899846306,0.22207006908027177,0.05003323440432264,0.3453257054371969,0.22690391743211624,0.017436747543138065,0.2993324585671874,0.0820713615841916,0.25273264389133027,0.027757295617483607,0.14179900980493404,0.05511504360080829,0.21247392392463016,0.04434542007473535,0.03580650598684126,0.04468043501662033,0.22253833664684003,0.3626144210279946,0.15423044079278286,0.0634903280461594,0.0065266076780177845,0.10035868336041301,0.10230952113531469,0.0065266076780177845,0.014060386485922748
mode,0.01855810084395127,0.7232075230096662,0.32418263831198996,0.2628381623381179,0.13863513236885674,0.613122175381966,0.043175264712021176,0.017900202472151558,0.8637948944655457,0.27176709475990973,1.8711204838244417,0.4469026278224175,0.10429481716596786,0.4553899250612867,0.19821517668853622,0.6967390315047151,0.7908697555905253,0.6094695604424757,0.14575433912617886,0.9718549229660742,0.501999191754892,0.12478849226139016,0.9401948726415499,0.1474804008574205,0.6338001040167572,0.2666042914671231,0.32063772374286287,0.3184674532917301,0.3148186280969539,0.1549115842785778,0.26127568183957467,0.20163931921393058,0.6069401486129711,0.8537159695688595,0.3645795637240826,0.3547982515501976,0.058970663561409356,0.1465846846781429,0.15466745485508626,0.06805700280166516,0.09490513637281953
phase,0.0034134755999422756,0.5404430623018118,0.31884555199458414,0.21679500316769515,0.13714343737517215,0.4955159995378664,0.0642853104247438,0.010346126262458392,0.746842621374308,0.2076329636821156,0.4469026278224175,1.4899025161656902,0.11792075516293116,0.34497472854178013,0.17074775162494926,0.6144274326487907,0.7431524022223627,0.4524610573096366,0.14476957619739467,0.8624712133498148,0.2476086696151077,0.09626294561559931,0.52298186345589,0.12039443746796302,0.4583655752110821,0.23126161364601583,0.33000557611737247,0.17616604649680168,0.23032559396767888,0.12446709455577168,0.1625561175906161,0.1004878153684919,0.5499613004314986,0.7475133141419243,0.28680840629568916,0.2964897972431601,0.05817460958077794,0.12441268224054368,0.10602354409208271,0.09753561213238157,0.05830422048219779
phaseMixin,0.04722039230365833,0.13272650563446142,0.03859651452862702,0.0858886306343575,0.051199537556788154,0.07949405062948045,0.0027929715386249693,0.06523138205337733,0.12516381107279034,0.017766365469212418,0.10429481716596786,0.11792075516293116,0.3195122694588136,0.08918019855105436,0.00691637716273949,0.08283473751387627,0.09630327662068484,0.14441301303667148,0.0374028177105557,0.13125634047712884,0.1241368873614026,0.034479199476357476,0.10735117483399678,0.0033662580542501985,0.10169730345336361,0.042994110034062394,0.027872337556496374,0.06108120949484171,0.014657161615792502,0.07434966102537668,0.13964243870732518,0.03501126765077213,0.10185069823030282,0.09569080951964778,0.01821548442023819,0.05343771713560119,0.019122145644040058,0.0033662580542501985,0.0022246960522810527,0.0303928315068034,0.005711334968122178
quality,0.021696092607826775,0.5516169187832489,0.14927302458906314,0.17688633522364602,0.09643552125381841,0.439181361500015,0.043364045656196476,0.017565207244663282,0.6930971870234401,0.16394459131653252,0.4553899250612867,0.34497472854178013,0.08918019855105436,1.450544483989353,0.09191417252761333,0.5062643988567431,0.5349902212898865,0.35635575557548915,0.21328380407724032,0.835988277050475,0.23490739268301147,0.1737630370005548,0.8079819270678453,0.10397319787208131,0.32585210437707285,0.17938323881422336,0.1531883105459123,0.18426710169302,0.14510999768056343,0.16325558638558108,0.20733564135161642,0.17394842704546348,0.4082178397020717,0.5756770864396381,0.18539047390622634,0.3734722680059759,0.08357677767211436,0.028560802178671532,0.040078639468419434,0.02842844396590754,0.13806164869084664
quantity,0.0008381800394043556,0.17528291412031688,0.1556375016224265,0.09986129787896691,0.11375390679589287,0.18172240926986752,0.0928399169421165,0.028428628264865294,0.24866634843013447,0.12120527087986384,0.19821517668853622,0.17074775162494926,0.00691637716273949,0.09191417252761333,0.4586301022426302,0.22009426439177965,0.3003998161516388,0.1490105834121797,0.11312279889155728,0.24643157309013597,0.1333219427022198,0.010567773843850076,0.22449041206335868,0.03562174361622202,0.18636728274746833,0.06937456057086289,0.15838683041531215,0.07199449105599043,0.1245452633463217,0.02870602063653664,0.049533317284620126,0.034292797487969935,0.17247875235342452,0.2919871282254361,0.10831621423014211,0.10662992839355537,0.0033968534332530914,0.08170419330357834,0.08451831290018665,0.0033968534332530914,0.008724976029358088
relator,0.011304279383537612,0.7257163045495166,0.4216165605710016,0.27739060361129103,0.17580265322423835,0.591195419008033,0.10263690578754384,0.05437479514345984,1.129942644488473,0.3064629363026156,0.6967390315047151,0.6144274326487907,0.08283473751387627,0.5062643988567431,0.22009426439177965,2.3405967265599865,0.9203671165372567,0.6786302128497287,0.19039225598737844,1.1376326606629397,0.42606670709645583,0.10909818357827097,0.8034312321320956,0.15056819145724723,0.7383947941220154,0.2616932530357246,0.6114512298547218,0.23048452454593382,0.4094109509117598,0.19460180408176203,0.24277260710799306,0.1480788665291871,0.8334824179205433,1.4551165602379434,0.4224390410279168,0.37706540854649073,0.06863188687282112,0.18249653571985852,0.13834413769522047,0.06863188687282114,0.10467086243577295
role,0.009624365460029892,0.7984148158036196,0.4312846559092642,0.302469672295114,0.19843126479283138,0.691841133354626,0.12588256551464594,0.04096410918042089,1.281208985787571,0.34388324899846306,0.7908697555905253,0.7431524022223627,0.09630327662068484,0.5349902212898865,0.3003998161516388,0.9203671165372567,2.487463448272925,0.6576189198535399,0.24462785638930207,1.2088631854099765,0.46669763640413414,0.11862317005863138,0.8789231729868842,0.12675026224407276,0.6765673638516563,0.27203804445935253,0.5189049904159765,0.32744352773789825,0.42295582997769404,0.16606182013072301,0.2206621512915535,0.1822379490245195,0.7468058372073472,1.0866797322472743,0.4586087524969482,0.40243691432508816,0.07764091969737608,0.19112471793247832,0.15686726464816675,0.08303902841701563,0.09617000559053127
roleMixin,0.04722039230365842,0.6509673425012211,0.24734599603848817,0.1992655494930327,0.13959907065311686,0.7111271626512947,0.11604855435336162,0.07229033543233251,0.707569560782804,0.22207006908027177,0.6094695604424757,0.4524610573096366,0.14441301303667148,0.35635575557548915,0.1490105834121797,0.6786302128497287,0.6576189198535399,1.7479988619220619,0.2837619483895374,0.7371324738012821,0.5340307775760889,0.19699215175693277,0.6663230311983491,0.06677623472283059,0.45838944080362676,0.28853358428575077,0.33376753263319137,0.3889685053719607,0.40437114618888154,0.28455143805504945,0.3769511452356057,0.26622724357048944,0.48500191681448257,0.7495003291486115,0.24236047811435696,0.4384875290081882,0.06271076657938744,0.16607079579209627,0.1348338798100393,0.06772124591332096,0.15948446887108542
situation,0.02687883037121165,0.30307081822125215,0.05763552256149004,0.10794643938441283,0.06373256996348516,0.4817847842784124,0.09859779050559034,0.01854594912166297,0.29683131287058384,0.05003323440432264,0.14575433912617886,0.14476957619739467,0.0374028177105557,0.21328380407724032,0.11312279889155728,0.19039225598737844,0.24462785638930207,0.2837619483895374,0.7580267589191902,0.30627165593362615,0.15990090028394938,0.3320355414249354,0.33718664547471555,0.08430912300319149,0.14183456843894549,0.09440468285172231,0.1464756009176259,0.10547949982596153,0.0764747623568782,0.12233336692555674,0.1097038651217179,0.11442226770475804,0.23774774663807205,0.24746876168524326,0.0705093233411529,0.28850290032210274,0.020035054959782313,0.009386380206393388,0.006199723457363818,0.05429407182453761,0.20406844361374862
subkind,0.011041973193482074,1.12049629864863,0.5687220471719522,0.43887057510785094,0.2221550029531705,0.8678909974817193,0.11174573303282799,0.05809548598467747,1.515995311698727,0.3453257054371969,0.9718549229660742,0.8624712133498148,0.13125634047712884,0.835988277050475,0.24643157309013597,1.1376326606629397,1.2088631854099765,0.7371324738012821,0.30627165593362615,2.8456315708686026,0.5333580048456698,0.263474897699144,1.1035082403390675,0.20607642593756428,0.9193669506720705,0.3302923186717721,0.5368271829691033,0.3913564757829748,0.4075285539858751,0.27439244684322883,0.33609782813771455,0.2276407483181873,0.9621465259542932,1.2830913028828959,0.5294298360401375,0.5348187371285611,0.10511429455031572,0.20806706147799908,0.17720882658061315,0.09707414663928252,0.1691940412070259
type,0.031695656491590486,0.5475291296521816,0.26829886739666076,0.17535164146363919,0.11459646597985568,0.5200589560282687,0.08457458537654503,0.09268668664845169,0.4604563718839269,0.22690391743211624,0.501999191754892,0.2476086696151077,0.1241368873614026,0.23490739268301147,0.1333219427022198,0.42606670709645583,0.46669763640413414,0.5340307775760889,0.15990090028394938,0.5333580048456698,1.0524190811131595,0.13061660272701509,0.5100215749775204,0.05719604919992587,0.3425421188948847,0.23449650294446367,0.1514108373490451,0.332651454487761,0.2614855880584389,0.266511065476014,0.5855907706153773,0.3364014349773099,0.30615008863714754,0.5166318094975352,0.2679794115775885,0.37055474016385787,0.06492358998931502,0.1357102232576463,0.1320127153703625,0.06066954004000972,0.1273844051596788
bringsAbout,0.028933070527436933,0.24790173824746842,0.03592215900335484,0.08590928299180421,0.03530036957189425,0.2924226358052028,0.004264891496494734,0.019212182558327226,0.17466314588046664,0.017436747543138065,0.12478849226139016,0.09626294561559931,0.034479199476357476,0.1737630370005548,0.010567773843850076,0.10909818357827097,0.11862317005863138,0.19699215175693277,0.3320355414249354,0.263474897699144,0.13061660272701509,0.44941365653609217,0.25979262564971284,0.09128798261285771,0.12316116869651252,0.06396275640175514,0.05174179944507197,0.10786466469046821,0.03734929216504813,0.13381836451877704,0.11129687250927041,0.10855922541423393,0.17377356564970206,0.16756280000960738,0.04289416655144818,0.273628429714287,0.027013914569448613,0.0051407297588664524,0.0033968534332530637,0.05496030526120189,0.20256938198386662
characterization,0.019236393956716343,0.8580475100823485,0.3917076563269215,0.2795116277466945,0.161431009812003,0.7333255901647436,0.06816655612341083,0.021389229844970242,1.0132040078593663,0.2993324585671874,0.9401948726415499,0.52298186345589,0.10735117483399678,0.8079819270678453,0.22449041206335868,0.8034312321320956,0.8789231729868842,0.6663230311983491,0.33718664547471555,1.1035082403390675,0.5100215749775204,0.25979262564971284,2.2014233471935487,0.14045464933479673,0.6503600393565174,0.2868501320479007,0.3980190804150453,0.43788107671875504,0.336153855832338,0.30432355596354416,0.3574564832285951,0.27797818779385347,0.7585624657181058,0.9855825522569108,0.39749682172158124,0.5334594398736183,0.08149585126578499,0.12842805650471334,0.13093750645744956,0.06840803841060922,0.24054349997248278
comparative,0.0004082930922835043,0.13985639451697093,0.052364505708094033,0.12416048990619402,0.05003757223962633,0.13487064637624355,0.037333892730862225,0.0012352790455034054,0.16761757147822975,0.0820713615841916,0.1474804008574205,0.12039443746796302,0.0033662580542501985,0.10397319787208131,0.03562174361622202,0.15056819145724723,0.12675026224407276,0.06677623472283059,0.08430912300319149,0.20607642593756428,0.05719604919992587,0.09128798261285771,0.14045464933479673,0.2710409022630075,0.17315333936185187,0.0817742363586394,0.07381181729629449,0.010382246130414663,0.010887910889417443,0.04690832233256381,0.007929705172798313,0.033235620246900584,0.21700160196344756,0.17310189034573054,0.09257350276912048,0.10399827492518761,0.0016540908430276446,0.0025026610878161742,0.0016540908430276446,0.08365471593375423,0.030062294607317963
componentOf,0.025241796749204536,0.567465186101731,0.3812190220554453,0.3208938171019899,0.18161789905595702,0.4418865898445384,0.038736619602930226,0.04137333118350192,0.8668068730272152,0.25273264389133027,0.6338001040167572,0.4583655752110821,0.10169730345336361,0.32585210437707285,0.18636728274746833,0.7383947941220154,0.6765673638516563,0.45838944080362676,0.14183456843894549,0.9193669506720705,0.3425421188948847,0.12316116869651252,0.6503600393565174,0.17315333936185187,1.5772054723089168,0.20501034254587425,0.37232565186274036,0.17903475077028594,0.28720841437685035,0.16604316909894828,0.1975238891926068,0.14658070319639127,0.6867076089499314,0.7464542981478612,0.37734594422095896,0.27656174722076104,0.03632465699815095,0.17175211091656928,0.12567222338717438,0.07479340280084526,0.0635813878749257
creation,0.026878830371212428,0.2306166322491891,0.150019242159793,0.11663775127753309,0.037648888994743654,0.5139954050205149,0.1509509723954675,0.08950689415008081,0.34500693368567054,0.027757295617483607,0.2666042914671231,0.23126161364601583,0.042994110034062394,0.17938323881422336,0.06937456057086289,0.2616932530357246,0.27203804445935253,0.28853358428575077,0.09440468285172231,0.3302923186717721,0.23449650294446367,0.06396275640175514,0.2868501320479007,0.0817742363586394,0.20501034254587425,0.7163049743791817,0.12360578383413795,0.18852702176568914,0.06185970588511517,0.1686591503873824,0.23809261025943837,0.1897197017366116,0.20689837765179822,0.37510188027364644,0.16310925050242767,0.48692890420771195,0.11101712055832758,0.07259230537863356,0.03989597040390215,0.12525501685295704,0.034349316191425325
derivation,0.0031159967286930462,0.35400221527411385,0.23399763069183505,0.1139054102990825,0.0858143376046359,0.29556290320365847,0.09763294166698243,0.009442577256837205,0.5884355137078529,0.14179900980493404,0.32063772374286287,0.33000557611737247,0.027872337556496374,0.1531883105459123,0.15838683041531215,0.6114512298547218,0.5189049904159765,0.33376753263319137,0.1464756009176259,0.5368271829691033,0.1514108373490451,0.05174179944507197,0.3980190804150453,0.07381181729629449,0.37232565186274036,0.12360578383413795,1.1772029672681417,0.0803236840651886,0.25596097642604687,0.06084920632021074,0.057800868340795654,0.03630715096185934,0.7001913255444726,0.6691276970837224,0.23535812643614085,0.13423027450263517,0.012654469118759247,0.1363558588335534,0.09078427351874706,0.042174354017772794,0.05456501326281287
externalDependence,0.0016906895761404708,0.27131300259515506,0.13341327619100843,0.09867301024615441,0.03810564521380201,0.37041255523751954,0.08781741446144697,0.05304806749224698,0.33656424500320914,0.05511504360080829,0.3184674532917301,0.17616604649680168,0.06108120949484171,0.18426710169302,0.07199449105599043,0.23048452454593382,0.32744352773789825,0.3889685053719607,0.10547949982596153,0.3913564757829748,0.332651454487761,0.10786466469046821,0.43788107671875504,0.010382246130414663,0.17903475077028594,0.18852702176568914,0.0803236840651886,0.8504548182222013,0.15686713915777095,0.1900196869505688,0.3411929824783221,0.24300334852387767,0.13909291063674822,0.409777221495082,0.1432237456356438,0.3425249490781779,0.08879619019512172,0.028697354282176277,0.02534219089878044,0.07716066848578323,0.10721553684105234
formal,0.0017728130060299038,0.3671444402317098,0.2482654987202767,0.11699081645501558,0.07292743824962938,0.2709838497312822,0.03216229519827622,0.02866991118103833,0.39200397133913545,0.21247392392463016,0.3148186280969539,0.23032559396767888,0.014657161615792502,0.14510999768056343,0.1245452633463217,0.4094109509117598,0.42295582997769404,0.40437114618888154,0.0764747623568782,0.4075285539858751,0.2614855880584389,0.03734929216504813,0.336153855832338,0.010887910889417443,0.28720841437685035,0.06185970588511517,0.25596097642604687,0.15686713915777095,0.9163260828821667,0.0895985633485353,0.1190250432859686,0.12664200791597052,0.3108018150100898,0.4738890601505471,0.2702022861391524,0.16182504796720398,0.007190403002132251,0.1462185898947787,0.08639662943836696,0.007190403002132251,0.03605030744339772
historicalDependence,0.03594970644089502,0.2431368180197283,0.09971325641688025,0.14392104319139692,0.03408833509380031,0.38183769171371496,0.057147564353370615,0.07659917466531102,0.21965473492766246,0.04434542007473535,0.1549115842785778,0.12446709455577168,0.07434966102537668,0.16325558638558108,0.02870602063653664,0.19460180408176203,0.16606182013072301,0.28455143805504945,0.12233336692555674,0.27439244684322883,0.266511065476014,0.13381836451877704,0.30432355596354416,0.04690832233256381,0.16604316909894828,0.1686591503873824,0.06084920632021074,0.1900196869505688,0.0895985633485353,0.5921761580593148,0.2571867958432209,0.18726319513963444,0.14980563138680314,0.29186851551731097,0.09378706541423956,0.385191456327161,0.079589773699818,0.05761623202425437,0.027921622207921284,0.02848439837899406,0.11552159261435442
instantiation,0.035949706440895006,0.3146820282116149,0.1477597995513793,0.1527819800802635,0.07314954306842142,0.35858264721404676,0.08660964106662294,0.10339459634014293,0.3018908698456177,0.03580650598684126,0.26127568183957467,0.1625561175906161,0.13964243870732518,0.20733564135161642,0.049533317284620126,0.24277260710799306,0.2206621512915535,0.3769511452356057,0.1097038651217179,0.33609782813771455,0.5855907706153773,0.11129687250927041,0.3574564832285951,0.007929705172798313,0.1975238891926068,0.23809261025943837,0.057800868340795654,0.3411929824783221,0.1190250432859686,0.2571867958432209,0.706805729141622,0.3624646487092444,0.13794050470461083,0.3260037883916102,0.12932229611079243,0.36825509223442543,0.05438089171348845,0.02666398622548498,0.024134417503956368,0.06990562752555707,0.09331895400827767
manifestation,0.028933070527436926,0.22378565773574416,0.060526778554022456,0.07239785734425763,0.024640685951784203,0.3011271630903583,0.08545886758534169,0.05432370895981788,0.20106970785528158,0.04468043501662033,0.20163931921393058,0.1004878153684919,0.03501126765077213,0.17394842704546348,0.034292797487969935,0.1480788665291871,0.1822379490245195,0.26622724357048944,0.11442226770475804,0.2276407483181873,0.3364014349773099,0.10855922541423393,0.27797818779385347,0.033235620246900584,0.14658070319639127,0.1897197017366116,0.03630715096185934,0.24300334852387767,0.12664200791597052,0.18726319513963444,0.3624646487092444,0.5070665546631095,0.07657165447051886,0.22283634054439574,0.056748567055123086,0.32080791773498923,0.003696616010150776,0.005594622869974135,0.003696616010150776,0.04977906569750708,0.10225455756821687
material,0.02524179674920457,0.6362378745357277,0.38336022592787183,0.27037286543883204,0.18833947279645757,0.5665907161575083,0.06553833011923524,0.02334196459047049,0.960358965459299,0.22253833664684003,0.6069401486129711,0.5499613004314986,0.10185069823030282,0.4082178397020717,0.17247875235342452,0.8334824179205433,0.7468058372073472,0.48500191681448257,0.23774774663807205,0.9621465259542932,0.30615008863714754,0.17377356564970206,0.7585624657181058,0.21700160196344756,0.6867076089499314,0.20689837765179822,0.7001913255444726,0.13909291063674822,0.3108018150100898,0.14980563138680314,0.13794050470461083,0.07657165447051886,1.8111633231210817,0.9958216985204964,0.39673922978631454,0.31448977014193036,0.03411257818070585,0.15233163078145096,0.13869426209312113,0.09233936871056256,0.09725894700881818
mediation,0.008232846390968496,0.8383079704435885,0.5789937659517062,0.381056608150027,0.18266973328178504,0.7483400238168878,0.1530157240887662,0.06367040253756541,1.1591487239394178,0.3626144210279946,0.8537159695688595,0.7475133141419243,0.09569080951964778,0.5756770864396381,0.2919871282254361,1.4551165602379434,1.0866797322472743,0.7495003291486115,0.24746876168524326,1.2830913028828959,0.5166318094975352,0.16756280000960738,0.9855825522569108,0.17310189034573054,0.7464542981478612,0.37510188027364644,0.6691276970837224,0.409777221495082,0.4738890601505471,0.29186851551731097,0.3260037883916102,0.22283634054439574,0.9958216985204964,2.397869349664764,0.577075591349432,0.5269811174294541,0.13822128066792322,0.20871340327699334,0.17720882658061343,0.10015517313032793,0.1296766479530348
memberOf,0.00246149178894655,0.3644563769470795,0.5273236377423223,0.1496911665181903,0.088860740437747,0.2829039190936435,0.06434514825655274,0.02560372891198647,0.43065458973475157,0.15423044079278286,0.3645795637240826,0.28680840629568916,0.01821548442023819,0.18539047390622634,0.10831621423014211,0.4224390410279168,0.4586087524969482,0.24236047811435696,0.0705093233411529,0.5294298360401375,0.2679794115775885,0.04289416655144818,0.39749682172158124,0.09257350276912048,0.37734594422095896,0.16310925050242767,0.23535812643614085,0.1432237456356438,0.2702022861391524,0.09378706541423956,0.12932229611079243,0.056748567055123086,0.39673922978631454,0.577075591349432,0.9888964071933176,0.20985120091198306,0.05447483424052105,0.17124176312014472,0.12525501685295565,0.058934727318008695,0.031018395794976242
participation,0.03169565649159046,0.4317005826698702,0.22622757279035555,0.18797776313143488,0.04523288141925213,0.7418559373894992,0.14115659073881054,0.09432372027046029,0.5150661246374644,0.0634903280461594,0.3547982515501976,0.2964897972431601,0.05343771713560119,0.3734722680059759,0.10662992839355537,0.37706540854649073,0.40243691432508816,0.4384875290081882,0.28850290032210274,0.5348187371285611,0.37055474016385787,0.273628429714287,0.5334594398736183,0.10399827492518761,0.27656174722076104,0.48692890420771195,0.13423027450263517,0.3425249490781779,0.16182504796720398,0.385191456327161,0.36825509223442543,0.32080791773498923,0.31448977014193036,0.5269811174294541,0.20985120091198306,1.1287793144774056,0.14985062873470892,0.07630384159652917,0.06708240472768312,0.11398433099019364,0.18307923365513645
participational,0.0002699045530604252,0.065847014728136,0.055590120409958546,0.03939929029348342,0.0025137979734031826,0.14615935495647575,0.0013724996793438929,0.025087256469816945,0.10100985344363911,0.0065266076780177845,0.058970663561409356,0.05817460958077794,0.019122145644040058,0.08357677767211436,0.0033968534332530914,0.06863188687282112,0.07764091969737608,0.06271076657938744,0.020035054959782313,0.10511429455031572,0.06492358998931502,0.027013914569448613,0.08149585126578499,0.0016540908430276446,0.03632465699815095,0.11101712055832758,0.012654469118759247,0.08879619019512172,0.007190403002132251,0.079589773699818,0.05438089171348845,0.003696616010150776,0.03411257818070585,0.13822128066792322,0.05447483424052105,0.14985062873470892,0.17720882658061288,0.036983401748378074,0.03656465168684261,0.03656465168684261,0.01750154694630774
subCollectionOf,0.0004082930922835043,0.12228986306066592,0.21537884367547067,0.09077360720284058,0.05003757223962633,0.13264716076230285,0.0020765303867640236,0.0012352790455034054,0.183484741455219,0.10035868336041301,0.1465846846781429,0.12441268224054368,0.0033662580542501985,0.028560802178671532,0.08170419330357834,0.18249653571985852,0.19112471793247832,0.16607079579209627,0.009386380206393388,0.20806706147799908,0.1357102232576463,0.0051407297588664524,0.12842805650471334,0.0025026610878161742,0.17175211091656928,0.07259230537863356,0.1363558588335534,0.028697354282176277,0.1462185898947787,0.05761623202425437,0.02666398622548498,0.005594622869974135,0.15233163078145096,0.20871340327699334,0.17124176312014472,0.07630384159652917,0.036983401748378074,0.2710409022630075,0.11912604150647473,0.0016540908430276446,0.004245423678042419
subQuantityOf,0.0002699045530604252,0.09801843740350555,0.10638794382401502,0.0311702378835619,0.04889601023765718,0.11642699370491486,0.0013724996793438929,0.0008165289839679388,0.12588487516034674,0.10230952113531469,0.15466745485508626,0.10602354409208271,0.0022246960522810527,0.040078639468419434,0.08451831290018665,0.13834413769522047,0.15686726464816675,0.1348338798100393,0.006199723457363818,0.17720882658061315,0.1320127153703625,0.0033968534332530637,0.13093750645744956,0.0016540908430276446,0.12567222338717438,0.03989597040390215,0.09078427351874706,0.02534219089878044,0.08639662943836696,0.027921622207921284,0.024134417503956368,0.003696616010150776,0.13869426209312113,0.17720882658061343,0.12525501685295565,0.06708240472768312,0.03656465168684261,0.11912604150647473,0.17720882658061288,0.0010933261141221132,0.002805493325345472
termination,0.0002699045530604252,0.06882994269844098,0.029160610378133472,0.08450982012007702,0.03762532437489385,0.12590802856389902,0.048043813864720036,0.03635794233258028,0.09606567245440506,0.0065266076780177845,0.06805700280166516,0.09753561213238157,0.0303928315068034,0.02842844396590754,0.0033968534332530914,0.06863188687282114,0.08303902841701563,0.06772124591332096,0.05429407182453761,0.09707414663928252,0.06066954004000972,0.05496030526120189,0.06840803841060922,0.08365471593375423,0.07479340280084526,0.12525501685295704,0.042174354017772794,0.07716066848578323,0.007190403002132251,0.02848439837899406,0.06990562752555707,0.04977906569750708,0.09233936871056256,0.10015517313032793,0.058934727318008695,0.11398433099019364,0.03656465168684261,0.0016540908430276446,0.0010933261141221132,0.17720882658061288,0.01750154694630774
triggers,0.000692344096797623,0.17210633974886147,0.02961677525282686,0.03970280061620837,0.006454330000350492,0.24166905231462882,0.0035222686079687607,0.0020949861758797553,0.13663588051716968,0.014060386485922748,0.09490513637281953,0.05830422048219779,0.005711334968122178,0.13806164869084664,0.008724976029358088,0.10467086243577295,0.09617000559053127,0.15948446887108542,0.20406844361374862,0.1691940412070259,0.1273844051596788,0.20256938198386662,0.24054349997248278,0.030062294607317963,0.0635813878749257,0.034349316191425325,0.05456501326281287,0.10721553684105234,0.03605030744339772,0.11552159261435442,0.09331895400827767,0.10225455756821687,0.09725894700881818,0.1296766479530348,0.031018395794976242,0.18307923365513645,0.01750154694630774,0.004245423678042419,0.002805493325345472,0.01750154694630774,0.35862996089156685
