Stereotype,category,event,kind,mode,phase,quality,relator,role,roleMixin,subkind,type,characterization,componentOf,derivation,formal,material,mediation,memberOf,participation
category,1.0,0.11016643879261553,0.232136737607579,0.3755872836031669,0.01580767640109833,0.19534953597871108,0.02255925230483715,0.052252706663782005,0.32599781474056977,0.3195800935161009,0.4070883269357969,0.3942321100704928,0.29387143234618596,-0.008700646489286623,0.14848544558445942,0.20977833065225318,0.12118817171568216,0.19427434952296888,0.1322423937036843
event,0.11016643879261553,1.0,-0.21237766085986437,0.1905947424681378,0.13126977111505966,0.1250089598551269,-0.03511190094051985,-0.011332303850216168,0.3229792814277642,0.035075916913834784,0.32640616808163336,0.2254889044847005,-0.07098212299537626,-0.05415974662223927,-0.03536369729049916,0.04583635269998566,0.02327623712994454,0.10060893614095483,0.6484959233398816
kind,0.232136737607579,-0.21237766085986437,1.0,0.15147596754375492,0.2571830477600526,0.1669681533871406,0.3449621118198507,0.3991807513087171,-0.1658020871804411,0.5969383562915425,-0.10110279391001377,0.06081062545259464,0.47431091010009485,0.22518843061797564,0.0026781599430047275,0.3775472170030428,0.2852776993157625,0.2679686561353182,-0.16304925723383312
mode,0.3755872836031669,0.1905947424681378,0.15147596754375492,1.0,0.11844931855779174,0.1966565290878688,0.1381952581662236,0.24793168936818805,0.2973977148427761,0.2458477732487837,0.32334855593994866,0.5724959674584339,0.262237942886028,0.049708721312752994,0.11484548072814169,0.18160853040175648,0.26102499266331136,0.3393889480182824,0.09614775908074923
phase,0.01580767640109833,0.13126977111505966,0.2571830477600526,0.11844931855779174,1.0,0.12787701396953924,0.28526942614121825,0.4090714051009862,0.10647115769861769,0.34693382528827504,0.04455951705910429,0.1329643757422948,0.19408414410543007,0.18678053671220665,0.05328584640145444,0.22421912667352062,0.3968093837449625,0.2639525233101407,0.07743635583203962
quality,0.19534953597871108,0.1250089598551269,0.1669681533871406,0.1966565290878688,0.12787701396953924,1.0,0.1166998890866443,0.057631565930159535,0.024349611569875074,0.3089146546254042,0.10791097031719306,0.5676181812352503,0.010641778896385092,-0.10011360195442923,-0.1534389369173699,0.028554206531026336,0.14610505256616818,-0.08757688093307751,0.27812006131285805
relator,0.02255925230483715,-0.03511190094051985,0.3449621118198507,0.1381952581662236,0.28526942614121825,0.1166998890866443,1.0,0.41105631476436844,0.19526919036234527,0.22883188379056507,0.10833666584290667,0.26916495193207723,0.39118910919933825,0.3698179669120702,0.17407943364661213,0.37963132226963076,0.7638769663448995,0.3303800537241681,0.04023595623562704
role,0.052252706663782005,-0.011332303850216168,0.3991807513087171,0.24793168936818805,0.4090714051009862,0.057631565930159535,0.41105631476436844,1.0,0.13087480066748344,0.24132468942238894,0.05616636804994078,0.13017348163636747,0.17519375515379468,0.2778797303198096,0.012277136352846635,0.22028854225883,0.4443165509839792,0.308447117180992,-0.1633373770417781
roleMixin,0.32599781474056977,0.3229792814277642,-0.1658020871804411,0.2973977148427761,0.10647115769861769,0.024349611569875074,0.19526919036234527,0.13087480066748344,1.0,-0.0010698394013430763,0.3916309846507759,0.265832902715443,0.07322664035714191,0.06817533880415809,0.18659884849934016,0.049213084945411906,0.2543341097709408,0.13837530307930004,0.24401993114012369
subkind,0.3195800935161009,0.035075916913834784,0.5969383562915425,0.2458477732487837,0.34693382528827504,0.3089146546254042,0.22883188379056507,0.24132468942238894,-0.0010698394013430763,1.0,0.06918681879435634,0.19739279150072844,0.3508350308958997,-0.0014725921326688477,-0.03741357833456391,0.2536089080848507,0.28180969737551836,0.2631184100195585,0.05144298583459425
type,0.4070883269357969,0.32640616808163336,-0.10110279391001377,0.32334855593994866,0.04455951705910429,0.10791097031719306,0.10833666584290667,0.05616636804994078,0.3916309846507759,0.06918681879435634,1.0,0.289806792174527,0.17221725934950555,-0.1405951855534072,0.17722607764247458,-0.01125723534792921,0.13719543061185696,0.19581981505651874,0.3070182687185474
characterization,0.3942321100704928,0.2254889044847005,0.06081062545259464,0.5724959674584339,0.1329643757422948,0.5676181812352503,0.26916495193207723,0.13017348163636747,0.265832902715443,0.19739279150072844,0.289806792174527,1.0,0.2753635474807808,0.06316329084436659,0.11462991782306628,0.18535524944129855,0.38317349291819086,0.23887615043563523,0.34014015505593514
componentOf,0.29387143234618596,-0.07098212299537626,0.47431091010009485,0.262237942886028,0.19408414410543007,0.010641778896385092,0.39118910919933825,0.17519375515379468,0.07322664035714191,0.3508350308958997,0.17221725934950555,0.2753635474807808,1.0,0.19084600442010488,0.14565742884124555,0.38906677175812726,0.3707902080594638,0.44877226656597785,-0.016978520667361646
derivation,-0.008700646489286623,-0.05415974662223927,0.22518843061797564,0.049708721312752994,0.18678053671220665,-0.10011360195442923,0.3698179669120702,0.2778797303198096,0.06817533880415809,-0.0014725921326688477,-0.1405951855534072,0.06316329084436659,0.19084600442010488,1.0,0.1929245358139527,0.50623020494857,0.4334615785972399,0.25622078362367096,-0.058426295257721125
formal,0.14848544558445942,-0.03536369729049916,0.0026781599430047275,0.11484548072814169,0.05328584640145444,-0.1534389369173699,0.17407943364661213,0.012277136352846635,0.18659884849934016,-0.03741357833456391,0.17722607764247458,0.11462991782306628,0.14565742884124555,0.1929245358139527,1.0,0.17175292745264006,0.20725670373399036,0.354744503047507,-0.027656299237958308
material,0.20977833065225318,0.04583635269998566,0.3775472170030428,0.18160853040175648,0.22421912667352062,0.028554206531026336,0.37963132226963076,0.22028854225883,0.049213084945411906,0.2536089080848507,-0.01125723534792921,0.18535524944129855,0.38906677175812726,0.50623020494857,0.17175292745264006,1.0,0.42005125770975493,0.30236134439092244,-0.028455444567045917
mediation,0.12118817171568216,0.02327623712994454,0.2852776993157625,0.26102499266331136,0.3968093837449625,0.14610505256616818,0.7638769663448995,0.4443165509839792,0.2543341097709408,0.28180969737551836,0.13719543061185696,0.38317349291819086,0.3707902080594638,0.4334615785972399,0.20725670373399036,0.42005125770975493,1.0,0.4551191083254934,0.11319024586303249
memberOf,0.19427434952296888,0.10060893614095483,0.2679686561353182,0.3393889480182824,0.2639525233101407,-0.08757688093307751,0.3303800537241681,0.308447117180992,0.13837530307930004,0.2631184100195585,0.19581981505651874,0.23887615043563523,0.44877226656597785,0.25622078362367096,0.354744503047507,0.30236134439092244,0.4551191083254934,1.0,0.16500789290373755
participation,0.1322423937036843,0.6484959233398816,-0.16304925723383312,0.09614775908074923,0.07743635583203962,0.27812006131285805,0.04023595623562704,-0.1633373770417781,0.24401993114012369,0.05144298583459425,0.3070182687185474,0.34014015505593514,-0.016978520667361646,-0.058426295257721125,-0.027656299237958308,-0.028455444567045917,0.11319024586303249,0.16500789290373755,1.0
