Stereotype,abstract,category,collective,datatype,enumeration,event,historicalRole,historicalRoleMixin,kind,mixin,mode,phase,phaseMixin,quality,quantity,relator,role,roleMixin,situation,subkind,type,bringsAbout,characterization,comparative,componentOf,creation,derivation,externalDependence,historicalDependence,instantiation,manifestation,material,mediation,memberOf,participation,participational,subCollectionOf,subQuantityOf,termination,triggers
abstract,0.0780397770903951,0.03949119889172396,0.004788906025305836,0.011122386190005933,0.0011846994025619256,0.06368231464765448,0.02388539524575377,0.06368231464765499,0.024790723919398246,0.0030176754781181675,0.030627534828654213,0.006269267051592954,0.03424802500195164,0.0284019815659126,0.0015591072725211902,0.012712258914415818,0.017955144197909514,0.03852395508679881,0.016470162419328763,0.02698515382982919,0.03954237253028914,0.017770785405535477,0.0411092792658543,0.019830411541650113,0.015488462021646415,0.04880439003166707,0.005428924390397903,0.03556471501643064,0.0431741823908878,0.04676997947114874,0.05922765590474896,0.017782943471504192,0.015212987872890632,0.004175020124056447,0.04335624507473895,0.0005806857768239776,0.000699563133000354,0.0004627408400581165,0.000699563133000354,0.0014332659940508446
category,0.03949119889172396,2.271578952592208,0.3278572398484273,0.3386996464864728,0.15899853806638084,0.69814911583078,0.11571946189857352,0.08859397588040174,0.9477958293724363,0.24354784619670422,0.6963387210334506,0.4999161748490803,0.12092060605564273,0.514212901352511,0.16628173598200172,0.6937506219708622,0.7725354791340167,0.6308487600636004,0.3275845627601755,1.0882957947951,0.5490584279248183,0.24572586541432773,0.8414938377650643,0.13332882367815088,0.5433174003717371,0.2538798200251462,0.32483656884338385,0.2860029628911798,0.2280308276747481,0.3262810774264129,0.25972699766611845,0.6099892476141936,0.796629854360889,0.3410766176031994,0.46587829109526235,0.06509745144113863,0.11483178932964086,0.092222005956207,0.09609342381363176,0.1868918938545815
collective,0.004788906025305836,0.3278572398484273,1.026388044591341,0.17824480078094412,0.08235152221984063,0.23692012289527126,0.04916688901224832,0.03166487603775389,0.4468664649651069,0.1224469249692916,0.2828466928514426,0.301559206338986,0.03634375526057711,0.13705252636993545,0.14604951999863258,0.38575530036194117,0.4033353723104719,0.23656888929884398,0.055408519400721015,0.5326340982116273,0.23158628127675285,0.03819294531868796,0.367898506448337,0.04711274094723946,0.3602006246419947,0.11993033198294717,0.21995227262774292,0.12922258482518953,0.09885047970004013,0.1369638313480061,0.06255191642439842,0.35008738380341137,0.5226473649913383,0.505114442842266,0.2026559817339812,0.0536943475203526,0.20197403621877077,0.09995467114200923,0.03166487603775388,0.03010654077546121
datatype,0.011122386190005933,0.3386996464864728,0.17824480078094412,0.8813806971900466,0.1381839709997642,0.23914763894888064,0.053280253709125903,0.025684027477915306,0.3771193581221636,0.08349620199664048,0.23086042525576522,0.20190553896739177,0.08083030548756602,0.16479050632502207,0.09031435893478892,0.2627218895674698,0.29458778739273683,0.18933061925775613,0.0944165329293851,0.41284449038659055,0.14918149624623941,0.07015876191219261,0.26716486448550236,0.1221873859131174,0.3016916680098727,0.11763466611984177,0.10684134505720366,0.10511932215269817,0.13710953716869823,0.1500316697327421,0.09248331294752114,0.25501888671013834,0.36316603605895026,0.14242660507228483,0.172431720778299,0.023969297797904705,0.08480988831999611,0.02916283327891292,0.08229754070282372,0.03364854295275268
enumeration,0.0011846994025619256,0.15899853806638084,0.08235152221984063,0.1381839709997642,0.429559879560647,0.12050436212492588,0.03822364367154308,0.003611644614904104,0.23579809667515145,0.07228617277260832,0.15912457223647003,0.1545438822337603,0.04808273194162809,0.08890155510882283,0.10770876875582056,0.18278387319608022,0.21314248875576874,0.14709922715598603,0.06228561763379378,0.22814011855721272,0.13893816199434997,0.061136328841750534,0.17142878519099036,0.04752322133937753,0.17297782798755484,0.06731616383085644,0.08190875820231636,0.0644883999267605,0.03200227983532339,0.07143877327123499,0.046839480360162215,0.17986085370137103,0.20536665736869683,0.08481934170273411,0.06595330943337684,0.0029975206610786675,0.046968301123257436,0.04587193469079521,0.07996541113982625,0.007405674219166991
event,0.06368231464765448,0.69814911583078,0.23692012289527126,0.23914763894888064,0.12050436212492588,2.0346069366247903,0.25405672887066194,0.15684662947799913,0.8526807145071296,0.17422665772236123,0.6696110003737921,0.508662245664505,0.07631541189898469,0.4728161109908447,0.19240303728886413,0.6221355233565229,0.7291165276102537,0.7269186016738538,0.5357920085135506,0.9562589624155986,0.5983113077827859,0.31012635870758715,0.794749584746063,0.1565175092502902,0.42547331184185266,0.5718423572313592,0.27835677807138276,0.45884480404829725,0.42529721734613296,0.4243098924892421,0.4202717988240676,0.5950767190078537,0.7676768888727588,0.26201468333061156,0.8300807752372741,0.1568070980066855,0.11520333587920537,0.09942180649356636,0.1811068956205734,0.2697551770746098
historicalRole,0.02388539524575377,0.11571946189857352,0.04916688901224832,0.053280253709125903,0.03822364367154308,0.25405672887066194,0.36498223184292455,0.08806007794879149,0.18273525219154102,0.018131790927967913,0.1047199888133726,0.10484415913202703,0.004351615970069493,0.06663548420368362,0.07580409277763281,0.1300990757494329,0.15989706641566853,0.1416266012027983,0.09843479481569575,0.1834731590411835,0.1337372401858175,0.023894282173615562,0.12206002803254822,0.04494187770383716,0.03905137092719067,0.2367903693850021,0.0913570637333696,0.15979413213060234,0.09183538952594661,0.09908162902044781,0.18527468308985484,0.08022373397129981,0.20424147203064677,0.047941391698368356,0.20299680400942824,0.0026867805791707597,0.003237185151700392,0.0021408187192365966,0.11284080626461349,0.006637123957245049
historicalRoleMixin,0.06368231464765499,0.08859397588040174,0.03166487603775389,0.025684027477915306,0.003611644614904104,0.15684662947799913,0.08806007794879149,0.2399160692274273,0.09851294813610183,0.047651347046653914,0.048768388933335086,0.019173027630366386,0.04820252243000542,0.044297614569949205,0.029104117169093183,0.07379353581768505,0.07233362296337574,0.11791945293136818,0.040591502263475514,0.10688963053646566,0.1667351326516652,0.046030721165655514,0.08049910678472005,0.017328757930847025,0.06295181844832456,0.14995742202653667,0.016593440097354244,0.08347308960069622,0.12729455518404348,0.14097071540887587,0.12573984449455897,0.04502552836997067,0.0961739113943182,0.030106003904381937,0.13559995958379645,0.016724744305109097,0.00213210609185549,0.0014101475293509177,0.03138300034273657,0.027271526099149762
kind,0.024790723919398246,0.9477958293724363,0.4468664649651069,0.3771193581221636,0.23579809667515145,0.8526807145071296,0.18273525219154102,0.09851294813610183,2.9273842259861405,0.2564384729250979,0.8294172298357878,0.7247412578018789,0.11442914571599547,0.6639186038982793,0.24647114971088518,1.0603579354233064,1.2227622382584884,0.6769903627416611,0.31565656499033695,1.4750245425503814,0.49784137484905006,0.18447975206269376,0.9974015001827828,0.1629627658754339,0.8213633672072619,0.3664019676819678,0.5506615665157282,0.3560781314563531,0.24779077094885052,0.3307714324752229,0.2599334537866801,0.9023623320952298,1.1164334985214168,0.4090830076741487,0.5545660434227392,0.10847483213566039,0.171710253567819,0.11880822184229234,0.13365235924793456,0.1444907318296766
mixin,0.0030176754781181675,0.24354784619670422,0.1224469249692916,0.08349620199664048,0.07228617277260832,0.17422665772236123,0.018131790927967913,0.047651347046653914,0.2564384729250979,0.6796358820437063,0.2494811977629651,0.1821097496448624,0.01659608962169326,0.14637202957257314,0.10968539355604748,0.27174200065142545,0.3210195766113088,0.20999513954214433,0.0541609439113206,0.3362283186916821,0.21421464762890785,0.029784285575265766,0.2662098577393746,0.07671154892963974,0.24145935441050703,0.030591966901638373,0.13149293596925543,0.055481391608046236,0.04876285424215985,0.03828009528395271,0.06340436686708428,0.20851755488941467,0.3096025877240406,0.14501614785516428,0.074421980481544,0.0076413129286337506,0.09408715546477778,0.09589204882885075,0.009209328555849744,0.019225967559035842
mode,0.030627534828654213,0.6963387210334506,0.2828466928514426,0.23086042525576522,0.15912457223647003,0.6696110003737921,0.1047199888133726,0.048768388933335086,0.8294172298357878,0.2494811977629651,1.9006746822675014,0.42923767362481746,0.0969015100154272,0.41332379302000266,0.16872068814536992,0.6505606297141078,0.7694543983580391,0.5794805750226876,0.19550062823298248,0.9569811674738342,0.4981581125427591,0.12842757188601306,0.9475750520064189,0.14379244517049297,0.5594246901346159,0.2993852680590452,0.2655695176214187,0.38006548054575184,0.1475050679681883,0.2890709002923351,0.2459970478365947,0.5738611838061215,0.8213398552566198,0.319945615636151,0.3770340023497943,0.06949765989257009,0.13090123770450343,0.13106923535784548,0.11771932415963576,0.107621349602287
phase,0.006269267051592954,0.4999161748490803,0.301559206338986,0.20190553896739177,0.1545438822337603,0.508662245664505,0.10484415913202703,0.019173027630366386,0.7247412578018789,0.1821097496448624,0.42923767362481746,1.4842061094585817,0.10413761438689995,0.3230283642653492,0.1615851254088959,0.573932347743068,0.7127296681312274,0.43249494531036403,0.1449943480591369,0.8287187194807146,0.252290553645473,0.0998617107846756,0.50004100938311,0.11080378101416544,0.42791957174289214,0.25437888935978437,0.3131665284455611,0.1942095983900572,0.13951901855416105,0.158851601913055,0.1308967011739236,0.5361722852351218,0.7345429627521174,0.2734145888545604,0.3163348590018054,0.05609100745589956,0.11740855365910866,0.10044022393705662,0.15124892277183902,0.059321718734896334
phaseMixin,0.03424802500195164,0.12092060605564273,0.03634375526057711,0.08083030548756602,0.04808273194162809,0.07631541189898469,0.004351615970069493,0.04820252243000542,0.11442914571599547,0.01659608962169326,0.0969015100154272,0.10413761438689995,0.3003439480083165,0.08057095099927636,0.006391589036921913,0.07558204993575467,0.09150799422277517,0.13497904499372754,0.03583092154160671,0.12245623594147767,0.11490938249918256,0.03342062384173626,0.0978545982373889,0.0033570097877279326,0.09414431017048537,0.04009101046692096,0.025016299796655025,0.05690843883438911,0.06329289462269706,0.1262378923354037,0.03387161830375415,0.09391287803844531,0.09028839213080267,0.016002871037364967,0.05279523036441074,0.01465500784090696,0.0028658089529067926,0.001895283798914113,0.029437033577705593,0.005875070586424613
quality,0.0284019815659126,0.514212901352511,0.13705252636993545,0.16479050632502207,0.08890155510882283,0.4728161109908447,0.06663548420368362,0.044297614569949205,0.6639186038982793,0.14637202957257314,0.41332379302000266,0.3230283642653492,0.08057095099927636,1.4889975253684289,0.08825851538689483,0.4909378870700105,0.5115731619605283,0.3435684404915491,0.23322739552173571,0.8033378966880171,0.26458642075672006,0.16588254848376405,0.8080529089450862,0.10402231646589222,0.33086897199846055,0.17787956602564572,0.1449738505890133,0.2135718618025329,0.1881941106474161,0.22086039464013418,0.2070090027742002,0.3992489175601228,0.5448258948861563,0.1771873229389052,0.40331789247917166,0.08050603596224831,0.026988134198162574,0.03551627987370894,0.05030340051830721,0.14444665964793107
quantity,0.0015591072725211902,0.16628173598200172,0.14604951999863258,0.09031435893478892,0.10770876875582056,0.19240303728886413,0.07580409277763281,0.029104117169093183,0.24647114971088518,0.10968539355604748,0.16872068814536992,0.1615851254088959,0.006391589036921913,0.08825851538689483,0.4607410648531472,0.20823601585495644,0.27213376805236245,0.1419417255649276,0.10530131226958055,0.24241928910466493,0.1221266464015539,0.012349443603302257,0.22282964542912642,0.03430815981841797,0.18309440606970237,0.06797544655998755,0.16090713504986867,0.0719544736114437,0.032526229116609705,0.0675955987541367,0.04119034698811001,0.17178272956126495,0.27902517279548505,0.10136637501780718,0.1200154370325584,0.0039454578925605804,0.07678635039744663,0.07543509728613618,0.004754045536684737,0.009751439337277415
relator,0.012712258914415818,0.6937506219708622,0.38575530036194117,0.2627218895674698,0.18278387319608022,0.6221355233565229,0.1300990757494329,0.07379353581768505,1.0603579354233064,0.27174200065142545,0.6505606297141078,0.573932347743068,0.07558204993575467,0.4909378870700105,0.20823601585495644,2.3373525502093884,0.8894319199025841,0.6282291143956718,0.2262129846420266,1.1290848891584375,0.43262749765616115,0.11385404240124276,0.7643194895327099,0.1386674637039376,0.6894169349746676,0.27707066858419743,0.5646248444792277,0.25497253793033386,0.20342808538589013,0.25730312555198404,0.1809041660955264,0.8048444399676429,1.3855637156693679,0.3881714420031145,0.37873484870798796,0.06399505370357339,0.1711049127387845,0.13033069772040876,0.10411882401499827,0.10381493648096254
role,0.017955144197909514,0.7725354791340167,0.4033353723104719,0.29458778739273683,0.21314248875576874,0.7291165276102537,0.15989706641566853,0.07233362296337574,1.2227622382584884,0.3210195766113088,0.7694543983580391,0.7127296681312274,0.09150799422277517,0.5115731619605283,0.27213376805236245,0.8894319199025841,2.4872839333877867,0.6384843566440163,0.2936257178394351,1.1651293779348886,0.4754370322992009,0.13936059992828637,0.8484975653060968,0.12525834128418098,0.6430130477732314,0.2806853030403969,0.48666857173907146,0.3601312790765652,0.17937885093096723,0.2322121199889762,0.22597696549484958,0.741760970676551,1.054799573892537,0.43836169218784793,0.43306477556452605,0.07981012993769473,0.17978739677386735,0.1474611083611033,0.12117945339463243,0.1104633254040987
roleMixin,0.03852395508679881,0.6308487600636004,0.23656888929884398,0.18933061925775613,0.14709922715598603,0.7269186016738538,0.1416266012027983,0.11791945293136818,0.6769903627416611,0.20999513954214433,0.5794805750226876,0.43249494531036403,0.13497904499372754,0.3435684404915491,0.1419417255649276,0.6282291143956718,0.6384843566440163,1.7934837173976674,0.3173187312771714,0.7329832789204647,0.5932477540620135,0.2242994558090054,0.6868117827444026,0.06679986100889293,0.4398198542854368,0.29448400803291536,0.3155376865382703,0.39502068088187414,0.30625041369784844,0.4101735736996344,0.33105934512682333,0.4691825995270918,0.7379832537109927,0.22839378791562093,0.492926393839629,0.08889574747182039,0.15502323312941277,0.12675740754315362,0.09803688193763668,0.19667696874067714
situation,0.016470162419328763,0.3275845627601755,0.055408519400721015,0.0944165329293851,0.06228561763379378,0.5357920085135506,0.09843479481569575,0.040591502263475514,0.31565656499033695,0.0541609439113206,0.19550062823298248,0.1449943480591369,0.03583092154160671,0.23322739552173571,0.10530131226958055,0.2262129846420266,0.2936257178394351,0.3173187312771714,0.8228721069817104,0.35541897257364596,0.20693087514610195,0.3362154670802321,0.36681781862956814,0.07749354751127605,0.13756403398256767,0.09635598200343001,0.1401124423369803,0.16135784513152962,0.1466450956425309,0.13867067231394714,0.15231458191583175,0.2716138228425486,0.27002026778357124,0.06719769740127216,0.31264807845464426,0.049070196248040446,0.009209328555849786,0.006086853341359083,0.05442850253296788,0.25532677085279853
subkind,0.02698515382982919,1.0882957947951,0.5326340982116273,0.41284449038659055,0.22814011855721272,0.9562589624155986,0.1834731590411835,0.10688963053646566,1.4750245425503814,0.3362283186916821,0.9569811674738342,0.8287187194807146,0.12245623594147767,0.8033378966880171,0.24241928910466493,1.1290848891584375,1.1651293779348886,0.7329832789204647,0.35541897257364596,2.877386433996336,0.5873159488512794,0.2651467884453239,1.1114656953199913,0.20760738724946295,0.8360876457619535,0.3809007590444695,0.48429950171110947,0.4582840672175166,0.3031860461588788,0.390690148719762,0.33522914427431244,0.9464067311444896,1.2702974401727984,0.49440928569601983,0.6023852873770953,0.11352442313652522,0.19535051527028544,0.16627322954674922,0.1439135295940726,0.18392137710683776
type,0.03954237253028914,0.5490584279248183,0.23158628127675285,0.14918149624623941,0.13893816199434997,0.5983113077827859,0.1337372401858175,0.1667351326516652,0.49784137484905006,0.21421464762890785,0.4981581125427591,0.252290553645473,0.11490938249918256,0.26458642075672006,0.1221266464015539,0.43262749765616115,0.4754370322992009,0.5932477540620135,0.20693087514610195,0.5873159488512794,1.1716047147976638,0.1795254301084307,0.5449786004579305,0.04854361385760573,0.3352754746340127,0.2742447148584165,0.1523777969348843,0.359242551587437,0.31224217084802747,0.6371547294041024,0.4370516554002788,0.3076516637521845,0.5240314933313818,0.23055838452795857,0.44591866414447,0.09022333450124873,0.12818290246730243,0.12416681273859376,0.08575130133753821,0.17206576562933662
bringsAbout,0.017770785405535477,0.24572586541432773,0.03819294531868796,0.07015876191219261,0.061136328841750534,0.31012635870758715,0.023894282173615562,0.046030721165655514,0.18447975206269376,0.029784285575265766,0.12842757188601306,0.0998617107846756,0.03342062384173626,0.16588254848376405,0.012349443603302257,0.11385404240124276,0.13936059992828637,0.2242994558090054,0.3362154670802321,0.2651467884453239,0.1795254301084307,0.5078517230609153,0.2603819377455193,0.07302996271362182,0.12062865343817866,0.07988211057885186,0.049106318395189835,0.11164507035916027,0.1297284109193533,0.11782411698551098,0.16118892530391946,0.1698804509500016,0.17146444306927605,0.03882753614706866,0.3082420528561267,0.034798867648447904,0.005532044897400973,0.0036576791042224888,0.07621477537686283,0.224278729381583
characterization,0.0411092792658543,0.8414938377650643,0.367898506448337,0.26716486448550236,0.17142878519099036,0.794749584746063,0.12206002803254822,0.08049910678472005,0.9974015001827828,0.2662098577393746,0.9475750520064189,0.50004100938311,0.0978545982373889,0.8080529089450862,0.22282964542912642,0.7643194895327099,0.8484975653060968,0.6868117827444026,0.36681781862956814,1.1114656953199913,0.5449786004579305,0.2603819377455193,2.2647956979780894,0.1509179154606508,0.6094570741529786,0.3511045379975324,0.3546047006902857,0.4818067692642465,0.35685574358479627,0.3916764432177653,0.38974603105304384,0.7337237748260895,0.9648905770875363,0.3664314659096684,0.6003382457218954,0.09555450169266963,0.11083370384848265,0.11818092821169049,0.10527983510054209,0.24875812844674877
comparative,0.019830411541650113,0.13332882367815088,0.04711274094723946,0.1221873859131174,0.04752322133937753,0.1565175092502902,0.04494187770383716,0.017328757930847025,0.1629627658754339,0.07671154892963974,0.14379244517049297,0.11080378101416544,0.0033570097877279326,0.10402231646589222,0.03430815981841797,0.1386674637039376,0.12525834128418098,0.06679986100889293,0.07749354751127605,0.20760738724946295,0.04854361385760573,0.07302996271362182,0.1509179154606508,0.2838276459518999,0.1621068846614395,0.09473177504343894,0.06778739300931716,0.0404992456353913,0.04770113292015445,0.021007632444497826,0.0581947824031959,0.19068134253548058,0.1536181461214307,0.08558721827515961,0.11087279289770073,0.002072902354148573,0.0024974656482054797,0.0016517373865313212,0.07922877363686665,0.027955528338175682
componentOf,0.015488462021646415,0.5433174003717371,0.3602006246419947,0.3016916680098727,0.17297782798755484,0.42547331184185266,0.03905137092719067,0.06295181844832456,0.8213633672072619,0.24145935441050703,0.5594246901346159,0.42791957174289214,0.09414431017048537,0.33086897199846055,0.18309440606970237,0.6894169349746676,0.6430130477732314,0.4398198542854368,0.13756403398256767,0.8360876457619535,0.3352754746340127,0.12062865343817866,0.6094570741529786,0.1621068846614395,1.5302392780799363,0.18161016111715783,0.34220304702522086,0.17028267533423655,0.16210320988812815,0.20255443610735085,0.15600274914771345,0.6421345724012772,0.707437751054332,0.35685761401005806,0.27403731888794447,0.03581095369646978,0.1604524189821731,0.11735255911356096,0.0765860752264284,0.0626208995174276
creation,0.04880439003166707,0.2538798200251462,0.11993033198294717,0.11763466611984177,0.06731616383085644,0.5718423572313592,0.2367903693850021,0.14995742202653667,0.3664019676819678,0.030591966901638373,0.2993852680590452,0.25437888935978437,0.04009101046692096,0.17787956602564572,0.06797544655998755,0.27707066858419743,0.2806853030403969,0.29448400803291536,0.09635598200343001,0.3809007590444695,0.2742447148584165,0.07988211057885186,0.3511045379975324,0.09473177504343894,0.18161016111715783,0.8380759239533542,0.13035231807011521,0.23933052918892941,0.22134040664657745,0.2482039785648725,0.29376027454201603,0.22171168601718716,0.3989522264331319,0.13109030155909382,0.5485910574604862,0.08512054496584806,0.05267652338390668,0.02406361851095864,0.17867234691201692,0.03727274344733537
derivation,0.005428924390397903,0.32483656884338385,0.21995227262774292,0.10684134505720366,0.08190875820231636,0.27835677807138276,0.0913570637333696,0.016593440097354244,0.5506615665157282,0.13149293596925543,0.2655695176214187,0.3131665284455611,0.025016299796655025,0.1449738505890133,0.16090713504986867,0.5646248444792277,0.48666857173907146,0.3155376865382703,0.1401124423369803,0.48429950171110947,0.1523777969348843,0.049106318395189835,0.3546047006902857,0.06778739300931716,0.34220304702522086,0.13035231807011521,1.1282175383024171,0.07188423300926151,0.06644310678561474,0.06425882845053651,0.049126806884704374,0.6435963068570882,0.6369750720199482,0.22315061297144895,0.1240802814017097,0.013762760019636923,0.12816702576886804,0.08557711566983373,0.044722348031007705,0.04599245407220571
externalDependence,0.03556471501643064,0.2860029628911798,0.12922258482518953,0.10511932215269817,0.0644883999267605,0.45884480404829725,0.15979413213060234,0.08347308960069622,0.3560781314563531,0.055481391608046236,0.38006548054575184,0.1942095983900572,0.05690843883438911,0.2135718618025329,0.0719544736114437,0.25497253793033386,0.3601312790765652,0.39502068088187414,0.16135784513152962,0.4582840672175166,0.359242551587437,0.11164507035916027,0.4818067692642465,0.0404992456353913,0.17028267533423655,0.23933052918892941,0.07188423300926151,0.9517886855678543,0.21098766842966662,0.35011415047039857,0.3259229436441935,0.16849270475318642,0.4214155589608696,0.13753531493791946,0.39219385728335576,0.09244457984006255,0.023816161103086493,0.020253515793100897,0.1252823930865228,0.11591613542430787
historicalDependence,0.0431741823908878,0.2280308276747481,0.09885047970004013,0.13710953716869823,0.03200227983532339,0.42529721734613296,0.09183538952594661,0.12729455518404348,0.24779077094885052,0.04876285424215985,0.1475050679681883,0.13951901855416105,0.06329289462269706,0.1881941106474161,0.032526229116609705,0.20342808538589013,0.17937885093096723,0.30625041369784844,0.1466450956425309,0.3031860461588788,0.31224217084802747,0.1297284109193533,0.35685574358479627,0.04770113292015445,0.16210320988812815,0.22134040664657745,0.06644310678561474,0.21098766842966662,0.699391937933534,0.2956435715821364,0.3042138622994513,0.16458147188384067,0.27929079766043907,0.09606733845827914,0.471299712143394,0.08691506856301251,0.055771261009713566,0.027371168062740384,0.05473033666321804,0.13641632024656142
instantiation,0.04676997947114874,0.3262810774264129,0.1369638313480061,0.1500316697327421,0.07143877327123499,0.4243098924892421,0.09908162902044781,0.14097071540887587,0.3307714324752229,0.03828009528395271,0.2890709002923351,0.158851601913055,0.1262378923354037,0.22086039464013418,0.0675955987541367,0.25730312555198404,0.2322121199889762,0.4101735736996344,0.13867067231394714,0.390690148719762,0.6371547294041024,0.11782411698551098,0.3916764432177653,0.021007632444497826,0.20255443610735085,0.2482039785648725,0.06425882845053651,0.35011415047039857,0.2956435715821364,0.7956215789736595,0.40681093424231735,0.15442928201023678,0.3256316286410962,0.11839180581137422,0.43748865071256154,0.07895418902049511,0.02613179577035917,0.023436971493082152,0.06619452688279548,0.13071189328930635
manifestation,0.05922765590474896,0.25972699766611845,0.06255191642439842,0.09248331294752114,0.046839480360162215,0.4202717988240676,0.18527468308985484,0.12573984449455897,0.2599334537866801,0.06340436686708428,0.2459970478365947,0.1308967011739236,0.03387161830375415,0.2070090027742002,0.04119034698811001,0.1809041660955264,0.22597696549484958,0.33105934512682333,0.15231458191583175,0.33522914427431244,0.4370516554002788,0.16118892530391946,0.38974603105304384,0.0581947824031959,0.15600274914771345,0.29376027454201603,0.049126806884704374,0.3259229436441935,0.3042138622994513,0.40681093424231735,0.7005019215963995,0.12293747492939727,0.25988198287394104,0.056962194235748984,0.4467158142913113,0.03465498808556291,0.007537863505124545,0.004982928867066028,0.11699758404686114,0.14035063027244088
material,0.017782943471504192,0.6099892476141936,0.35008738380341137,0.25501888671013834,0.17986085370137103,0.5950767190078537,0.08022373397129981,0.04502552836997067,0.9023623320952298,0.20851755488941467,0.5738611838061215,0.5361722852351218,0.09391287803844531,0.3992489175601228,0.17178272956126495,0.8048444399676429,0.741760970676551,0.4691825995270918,0.2716138228425486,0.9464067311444896,0.3076516637521845,0.1698804509500016,0.7337237748260895,0.19068134253548058,0.6421345724012772,0.22171168601718716,0.6435963068570882,0.16849270475318642,0.16458147188384067,0.15442928201023678,0.12293747492939727,1.8068088727355067,0.9518335854609872,0.3734771691686556,0.3300544526904692,0.03573827992344674,0.14317396873074745,0.12997002535281038,0.11787512171120115,0.11139315514919104
mediation,0.015212987872890632,0.796629854360889,0.5226473649913383,0.36316603605895026,0.20536665736869683,0.7676768888727588,0.20424147203064677,0.0961739113943182,1.1164334985214168,0.3096025877240406,0.8213398552566198,0.7345429627521174,0.09028839213080267,0.5448258948861563,0.27902517279548505,1.3855637156693679,1.054799573892537,0.7379832537109927,0.27002026778357124,1.2702974401727984,0.5240314933313818,0.17146444306927605,0.9648905770875363,0.1536181461214307,0.707437751054332,0.3989522264331319,0.6369750720199482,0.4214155589608696,0.27929079766043907,0.3256316286410962,0.25988198287394104,0.9518335854609872,2.402760141527578,0.5197468581159196,0.5427977491331273,0.13311849954774357,0.1949073108138257,0.16627322954674956,0.15758545515159222,0.11760809923390816
memberOf,0.004175020124056447,0.3410766176031994,0.505114442842266,0.14242660507228483,0.08481934170273411,0.26201468333061156,0.047941391698368356,0.030106003904381937,0.4090830076741487,0.14501614785516428,0.319945615636151,0.2734145888545604,0.016002871037364967,0.1771873229389052,0.10136637501780718,0.3881714420031145,0.43836169218784793,0.22839378791562093,0.06719769740127216,0.49440928569601983,0.23055838452795857,0.03882753614706866,0.3664314659096684,0.08558721827515961,0.35685761401005806,0.13109030155909382,0.22315061297144895,0.13753531493791946,0.09606733845827914,0.11839180581137422,0.056962194235748984,0.3734771691686556,0.5197468581159196,0.9361884159363165,0.18142053414052045,0.052453781846941216,0.161978087199701,0.11822572130237519,0.05996730056308595,0.030291491228354936
participation,0.04335624507473895,0.46587829109526235,0.2026559817339812,0.172431720778299,0.06595330943337684,0.8300807752372741,0.20299680400942824,0.13559995958379645,0.5545660434227392,0.074421980481544,0.3770340023497943,0.3163348590018054,0.05279523036441074,0.40331789247917166,0.1200154370325584,0.37873484870798796,0.43306477556452605,0.492926393839629,0.31264807845464426,0.6023852873770953,0.44591866414447,0.3082420528561267,0.6003382457218954,0.11087279289770073,0.27403731888794447,0.5485910574604862,0.1240802814017097,0.39219385728335576,0.471299712143394,0.43748865071256154,0.4467158142913113,0.3300544526904692,0.5427977491331273,0.18142053414052045,1.2672637991918951,0.1706440982761773,0.07320270612667136,0.061171492136592676,0.17080395377270036,0.2153904451939697
participational,0.0005806857768239776,0.06509745144113863,0.0536943475203526,0.023969297797904705,0.0029975206610786675,0.1568070980066855,0.0026867805791707597,0.016724744305109097,0.10847483213566039,0.0076413129286337506,0.06949765989257009,0.05609100745589956,0.01465500784090696,0.08050603596224831,0.0039454578925605804,0.06399505370357339,0.07981012993769473,0.08889574747182039,0.049070196248040446,0.11352442313652522,0.09022333450124873,0.034798867648447904,0.09555450169266963,0.002072902354148573,0.03581095369646978,0.08512054496584806,0.013762760019636923,0.09244457984006255,0.08691506856301251,0.07895418902049511,0.03465498808556291,0.03573827992344674,0.13311849954774357,0.052453781846941216,0.1706440982761773,0.19594528876524775,0.0350164033175075,0.03453896925409323,0.031082206747849235,0.04516906633325411
subCollectionOf,0.000699563133000354,0.11483178932964086,0.20197403621877077,0.08480988831999611,0.046968301123257436,0.11520333587920537,0.003237185151700392,0.00213210609185549,0.171710253567819,0.09408715546477778,0.13090123770450343,0.11740855365910866,0.0028658089529067926,0.026988134198162574,0.07678635039744663,0.1711049127387845,0.17978739677386735,0.15502323312941277,0.009209328555849786,0.19535051527028544,0.12818290246730243,0.005532044897400973,0.11083370384848265,0.0024974656482054797,0.1604524189821731,0.05267652338390668,0.12816702576886804,0.023816161103086493,0.055771261009713566,0.02613179577035917,0.007537863505124545,0.14317396873074745,0.1949073108138257,0.161978087199701,0.07320270612667136,0.0350164033175075,0.2542735316701674,0.11193838694919407,0.00213210609185549,0.004370021186618278
subQuantityOf,0.0004627408400581165,0.092222005956207,0.09995467114200923,0.02916283327891292,0.04587193469079521,0.09942180649356636,0.0021408187192365966,0.0014101475293509177,0.11880822184229234,0.09589204882885075,0.13106923535784548,0.10044022393705662,0.001895283798914113,0.03551627987370894,0.07543509728613618,0.13033069772040876,0.1474611083611033,0.12675740754315362,0.006086853341359083,0.16627322954674922,0.12416681273859376,0.0036576791042224888,0.11818092821169049,0.0016517373865313212,0.11735255911356096,0.02406361851095864,0.08557711566983373,0.020253515793100897,0.027371168062740384,0.023436971493082152,0.004982928867066028,0.12997002535281038,0.16627322954674956,0.11822572130237519,0.061171492136592676,0.03453896925409323,0.11193838694919407,0.16627322954674942,0.0014101475293509108,0.002889686052401891
termination,0.000699563133000354,0.09609342381363176,0.03166487603775388,0.08229754070282372,0.07996541113982625,0.1811068956205734,0.11284080626461349,0.03138300034273657,0.13365235924793456,0.009209328555849744,0.11771932415963576,0.15124892277183902,0.029437033577705593,0.05030340051830721,0.004754045536684737,0.10411882401499827,0.12117945339463243,0.09803688193763668,0.05442850253296788,0.1439135295940726,0.08575130133753821,0.07621477537686283,0.10527983510054209,0.07922877363686665,0.0765860752264284,0.17867234691201692,0.044722348031007705,0.1252823930865228,0.05473033666321804,0.06619452688279548,0.11699758404686114,0.11787512171120115,0.15758545515159222,0.05996730056308595,0.17080395377270036,0.031082206747849235,0.00213210609185549,0.0014101475293509108,0.2542735316701674,0.016848260226067856
triggers,0.0014332659940508446,0.1868918938545815,0.03010654077546121,0.03364854295275268,0.007405674219166991,0.2697551770746098,0.006637123957245049,0.027271526099149762,0.1444907318296766,0.019225967559035842,0.107621349602287,0.059321718734896334,0.005875070586424613,0.14444665964793107,0.009751439337277415,0.10381493648096254,0.1104633254040987,0.19667696874067714,0.25532677085279853,0.18392137710683776,0.17206576562933662,0.224278729381583,0.24875812844674877,0.027955528338175682,0.0626208995174276,0.03727274344733537,0.04599245407220571,0.11591613542430787,0.13641632024656142,0.13071189328930635,0.14035063027244088,0.11139315514919104,0.11760809923390816,0.030291491228354936,0.2153904451939697,0.04516906633325411,0.004370021186618278,0.002889686052401891,0.016848260226067856,0.40473717125142583
