abstract,abstractNature,aggregationKind,attribute,begin,bringsAbout,cardinality,Cardinality,cardinalityValue,categorizer,category,characterization,Class,collective,collectiveNature,comparative,componentOf,composite,creation,datatype,derivation,description,end,enumeration,event,eventNature,externalDependence,extrinsicModeNature,functionalComplexNature,general,generalization,Generalization,GeneralizationSet,historicalDependence,historicalRole,historicalRoleMixin,instantiation,intrinsicModeNature,isAbstract,isComplete,isDerived,isDisjoint,isExtensional,isOrdered,isPowertype,isReadOnly,kind,literal,Literal,lowerBound,manifestation,material,mediation,memberOf,mixin,mode,name,none,Note,order,participation,participational,phase,phaseMixin,property,Property,propertyType,quality,qualityNature,quantity,quantityNature,redefinesProperty,Relation,relationEnd,relator,relatorNature,restrictedTo,role,roleMixin,shared,situation,situationNature,sourceEnd,specific,stereotype,subCollectionOf,subkind,subQuantityOf,subsetsProperty,targetEnd,termination,triggers,type,typeNature,upperBound
1.0,,0.12505920158162218,0.5463972304611893,,0.11041161116641551,0.04952897159161423,0.04952897159161423,0.04952897159161423,0.06254829030933202,0.14695010752405374,0.12766004627222277,0.1486072866214454,0.23397850523119126,,0.23269875349390606,0.29457799243023935,0.10797387977579673,0.03523417147186064,0.856708087512431,0.025102292850249047,0.15138236779825817,,0.526256900794727,0.07022587219805303,,-0.05164708743330791,,,0.05531748379684512,-0.06129614394268846,0.05531748379684512,-0.06587932185659326,0.22036132797744304,0.005917588663466162,0.136410392027636,0.10760897408084749,,0.1486072866214454,-0.06587932185659326,0.1188220884137768,-0.06587932185659326,0.1486072866214454,0.12505920158162218,0.1486072866214454,0.12505920158162218,0.16283594415388516,0.45692134757987296,0.45692134757987296,0.07536949369541021,-0.005159348309427302,0.10913026734592671,0.08490548999523839,0.19400028847028566,0.1433753012966151,0.1441060757499186,0.19243913299241558,0.12085159477066709,,0.1486072866214454,0.08814217311172366,0.07470005070116288,0.031454567044447164,0.16048122988419897,,0.12505920158162218,0.12011718694977756,0.1431527268172181,,0.29449694844822943,,0.1414292135954785,0.05434589485667514,0.05434589485667514,0.0022168289012943518,,0.2059266701871701,-0.02430022124690435,-0.0027837382549976415,0.22857558458615024,0.1499198103911664,,0.05434589485667514,0.05531748379684512,0.17384951021522627,0.17178779588024917,0.1382629790862889,0.12486332501512128,0.1414292135954785,0.05434589485667514,0.1720938502171259,0.006011709326547703,0.17379529782292166,,0.07536949369541021
,,,,,,,,,,,,,,,,,,,,,,,,,,,,,,,,,,,,,,,,,,,,,,,,,,,,,,,,,,,,,,,,,,,,,,,,,,,,,,,,,,,,,,,,,,,,,,
0.12505920158162218,,1.0,0.35239106100010886,,0.20958113096726344,0.9152733600416956,0.9152733600416956,0.9152733600416956,-0.00021473778791798455,0.4232685573264421,0.4265408684248047,0.8394229587705127,0.14481465205164357,,0.23054545146087999,0.4106136090714765,0.49058459889105677,0.24970634772417216,0.08348975361248633,0.2833511601966553,0.2579451592129116,,0.08363097273677556,0.37774841550694427,,0.15738781963270132,,,0.6506126988350157,0.3582166561077209,0.6506126988350157,0.3536925730147041,0.18557090945599589,0.16871973011272284,0.00844496723877885,0.23292724789646083,,0.8394229587705127,0.3536925730147041,0.9876486347215999,0.3536925730147041,0.8394229587705127,1.0,0.8394229587705127,1.0,0.43766660802268964,0.17994736573163078,0.17994736573163078,0.8251330200559072,0.19122455335071264,0.3933307774726975,0.4468774157876077,0.25238511971310645,0.23551633562116575,0.37846832934211705,0.9017653284984367,0.9947439749398947,,0.8394229587705127,0.3274259317083744,0.03523304632718819,0.23404732704980719,-0.035472082123826174,,1.0,0.9907775582439234,0.254286433848943,,0.13722340256353902,,0.13330576190421756,0.9830870393681173,0.9830870393681173,0.43206761790100295,,0.7978147090101536,0.2732796712653646,0.4542713519738048,0.24865767837404795,0.20232470569250235,,0.9830870393681173,0.6506126988350157,0.8576996697071618,0.18733056115696767,0.40334941867685603,0.30567388229041836,0.13330576190421756,0.9830870393681173,0.09072523255480361,0.07837750963460989,0.33248211538789657,,0.8251330200559072
0.5463972304611893,,0.35239106100010886,1.0,,-0.05729181905450035,0.24101298271956847,0.24101298271956847,0.24101298271956847,0.15764523430959848,-0.026463716986110223,-0.04952811371432891,0.3185965984167792,0.21381608575066813,,0.20865640118922812,0.2612457528253857,0.14637947149171418,0.09004711424544612,0.49255214760871674,0.1967634773665031,0.24598186447465853,,0.3402999695171481,0.090905035690275,,0.054662033153206925,,,0.23506431838960096,0.16945181419785108,0.23506431838960096,0.1669301958109807,0.11831740278080027,0.18454631417671047,0.1259199854320418,0.12447942378756262,,0.3185965984167792,0.1669301958109807,0.32206275188781025,0.1669301958109807,0.3185965984167792,0.35239106100010886,0.3185965984167792,0.35239106100010886,0.27798890082265587,0.2807852747253663,0.2807852747253663,0.28125582436119506,-0.0947757756921561,0.17161916435368452,0.30243540612780784,0.1920853743518212,0.12211697452849206,0.11208338259717864,0.39227536758785575,0.3527924634213979,,0.3185965984167792,0.07776188373767992,0.08172307028749173,0.2044224968518845,0.17819269264952758,,0.35239106100010886,0.27709603931254334,0.06556000281793097,,0.2714270544118575,,0.09470096073582168,0.2253398307254359,0.2253398307254359,0.27468526209723715,,0.3407036783568066,0.13847246483001197,0.07842106601830347,0.1371195753311308,0.039267194750245274,,0.2253398307254359,0.23506431838960096,0.3027174290340184,0.20598320811437368,0.3084214112978888,0.2309681737013892,0.09470096073582168,0.2253398307254359,0.13895734122499395,-0.1325269851908378,0.21800926814476682,,0.28125582436119506
,,,,,,,,,,,,,,,,,,,,,,,,,,,,,,,,,,,,,,,,,,,,,,,,,,,,,,,,,,,,,,,,,,,,,,,,,,,,,,,,,,,,,,,,,,,,,,
0.11041161116641551,,0.20958113096726344,-0.05729181905450035,,1.0,0.2311891214672344,0.2311891214672344,0.2311891214672344,-0.042941834012303906,0.2578642743422778,0.2753960972024054,0.17367792899961196,-0.08595313567247372,,0.31052244796142886,0.037158671330160126,-0.006966327746361529,0.17834707084263074,0.08685893190889245,-0.008848238966486668,-0.07797372813268037,,0.03323874175121796,0.40311025435787046,,0.20391418815228005,,,0.14256799020638022,0.3035359313480533,0.14256799020638022,0.3163593091994428,0.37736142222445146,-0.06123708901053641,0.12024847950656137,0.2792971395447729,,0.17367792899961196,0.3163593091994428,0.21119874193367177,0.3163593091994428,0.17367792899961196,0.20958113096726344,0.17367792899961196,0.20958113096726344,-0.14874188866103005,0.15143188617634037,0.15143188617634037,0.24872920964721512,0.3688230886047048,0.1269845161168218,-0.095736169511561,-0.06209853927433442,-0.09107358298499717,0.02278878512229226,0.226492719989582,0.2190765195544044,,0.17367792899961196,0.4747310981824541,0.0780343830128025,-0.023483547235180237,0.025477273793396416,,0.20958113096726344,0.2229408205233026,0.2635279471474364,,-0.023951943093862272,,-0.030238728724592046,0.20970093184148708,0.20970093184148708,-0.038450478317546485,,0.22718282971444523,-0.22207989927693375,0.2073074956824091,0.12611640130149573,0.7126376918265018,,0.20970093184148708,0.14256799020638022,0.23688722643991622,-0.0756317360462962,0.07016050500232494,-0.06123817004977124,-0.030238728724592046,0.20970093184148708,0.3258517982676289,0.7153966492032395,0.17680073640552108,,0.24872920964721512
0.04952897159161423,,0.9152733600416956,0.24101298271956847,,0.2311891214672344,1.0,1.0,1.0,-0.021919483916607887,0.41190081471464157,0.4495964987725821,0.7450029391994726,0.1711857031133675,,0.19829768138919193,0.4408786974337468,0.5363859489457945,0.2511396042912078,0.006928471046298603,0.2870823602265641,0.22271078074599762,,-0.0020369853844297422,0.4127201022732857,,0.19133423618345136,,,0.5913259320223949,0.39116494783829125,0.5913259320223949,0.38206921978834507,0.20864445879007623,0.1703015315984743,0.010746862088935041,0.2480735112942125,,0.7450029391994726,0.38206921978834507,0.9031093146729674,0.38206921978834507,0.7450029391994726,0.9152733600416956,0.7450029391994726,0.9152733600416956,0.31217265083174023,0.09236037784575551,0.09236037784575551,0.8758785347918521,0.24703523352678647,0.4394403055719062,0.46066456434584174,0.28573745962465064,0.2046808593719852,0.3340465201093171,0.7966978827520789,0.9096191077351737,,0.7450029391994726,0.3630722794511772,0.03656882812716161,0.22631396229194345,-0.05556207885647113,,0.9152733600416956,0.9211062647287184,0.13490986275881495,,0.17574483975385413,,0.1385390711408257,0.9275997840174436,0.9275997840174436,0.4704055129591142,,0.7070199870676902,0.22414395575766458,0.4599590881811061,0.2496020894006296,0.2217450028720324,,0.9275997840174436,0.5913259320223949,0.7884897506184526,0.17877859762847106,0.3230326215286103,0.30568630995245694,0.1385390711408257,0.9275997840174436,0.05106174380465332,0.1290201890838356,0.3589040881965955,,0.8758785347918521
0.04952897159161423,,0.9152733600416956,0.24101298271956847,,0.2311891214672344,1.0,1.0,1.0,-0.021919483916607887,0.41190081471464157,0.4495964987725821,0.7450029391994726,0.1711857031133675,,0.19829768138919193,0.4408786974337468,0.5363859489457945,0.2511396042912078,0.006928471046298603,0.2870823602265641,0.22271078074599762,,-0.0020369853844297422,0.4127201022732857,,0.19133423618345136,,,0.5913259320223949,0.39116494783829125,0.5913259320223949,0.38206921978834507,0.20864445879007623,0.1703015315984743,0.010746862088935041,0.2480735112942125,,0.7450029391994726,0.38206921978834507,0.9031093146729674,0.38206921978834507,0.7450029391994726,0.9152733600416956,0.7450029391994726,0.9152733600416956,0.31217265083174023,0.09236037784575551,0.09236037784575551,0.8758785347918521,0.24703523352678647,0.4394403055719062,0.46066456434584174,0.28573745962465064,0.2046808593719852,0.3340465201093171,0.7966978827520789,0.9096191077351737,,0.7450029391994726,0.3630722794511772,0.03656882812716161,0.22631396229194345,-0.05556207885647113,,0.9152733600416956,0.9211062647287184,0.13490986275881495,,0.17574483975385413,,0.1385390711408257,0.9275997840174436,0.9275997840174436,0.4704055129591142,,0.7070199870676902,0.22414395575766458,0.4599590881811061,0.2496020894006296,0.2217450028720324,,0.9275997840174436,0.5913259320223949,0.7884897506184526,0.17877859762847106,0.3230326215286103,0.30568630995245694,0.1385390711408257,0.9275997840174436,0.05106174380465332,0.1290201890838356,0.3589040881965955,,0.8758785347918521
0.04952897159161423,,0.9152733600416956,0.24101298271956847,,0.2311891214672344,1.0,1.0,1.0,-0.021919483916607887,0.41190081471464157,0.4495964987725821,0.7450029391994726,0.1711857031133675,,0.19829768138919193,0.4408786974337468,0.5363859489457945,0.2511396042912078,0.006928471046298603,0.2870823602265641,0.22271078074599762,,-0.0020369853844297422,0.4127201022732857,,0.19133423618345136,,,0.5913259320223949,0.39116494783829125,0.5913259320223949,0.38206921978834507,0.20864445879007623,0.1703015315984743,0.010746862088935041,0.2480735112942125,,0.7450029391994726,0.38206921978834507,0.9031093146729674,0.38206921978834507,0.7450029391994726,0.9152733600416956,0.7450029391994726,0.9152733600416956,0.31217265083174023,0.09236037784575551,0.09236037784575551,0.8758785347918521,0.24703523352678647,0.4394403055719062,0.46066456434584174,0.28573745962465064,0.2046808593719852,0.3340465201093171,0.7966978827520789,0.9096191077351737,,0.7450029391994726,0.3630722794511772,0.03656882812716161,0.22631396229194345,-0.05556207885647113,,0.9152733600416956,0.9211062647287184,0.13490986275881495,,0.17574483975385413,,0.1385390711408257,0.9275997840174436,0.9275997840174436,0.4704055129591142,,0.7070199870676902,0.22414395575766458,0.4599590881811061,0.2496020894006296,0.2217450028720324,,0.9275997840174436,0.5913259320223949,0.7884897506184526,0.17877859762847106,0.3230326215286103,0.30568630995245694,0.1385390711408257,0.9275997840174436,0.05106174380465332,0.1290201890838356,0.3589040881965955,,0.8758785347918521
0.06254829030933202,,-0.00021473778791798455,0.15764523430959848,,-0.042941834012303906,-0.021919483916607887,-0.021919483916607887,-0.021919483916607887,1.0,-0.07577343863772722,0.0639040813582496,0.08335246842799575,-0.0007837012395033204,,-0.029598953354553086,0.03210652090455654,-0.020211018458224244,-0.05397102760900651,-0.06719881054137275,0.13674022998652405,-0.05907802081317061,,0.21121691893684724,0.022326831878200715,,0.25231950062135894,,,0.08729775653080561,0.12381813607512378,0.08729775653080561,0.13449103342331375,-0.050447960019532376,-0.023965518126966838,-0.020668818221788607,0.3118892985103569,,0.08335246842799575,0.13449103342331375,0.019217925225960508,0.13449103342331375,0.08335246842799575,-0.00021473778791798455,0.08335246842799575,-0.00021473778791798455,0.1079497556048227,0.20908053742366267,0.20908053742366267,0.017044615604081974,0.1575706961611803,-0.031233671307264115,0.14868028831371996,0.04621356693724997,-0.06081049906987911,0.07186736703720174,0.049878323759466256,0.010981857561928828,,0.08335246842799575,-0.07500209763582356,-0.023965941198438662,0.20279302729441973,0.22836442403235324,,-0.00021473778791798455,-0.045129205364010286,0.08394430396988914,,0.08551183396587428,,-0.011834115780078218,-0.037707505369158366,-0.037707505369158366,0.10102108327809951,,0.01589156542200823,0.1542787889833015,0.021477239276317645,-0.06658625090756728,-0.06071840196345063,,-0.037707505369158366,0.08729775653080561,0.08048010992275043,-0.029598953354553086,0.06476483393351343,-0.023965941198438662,-0.011834115780078218,-0.037707505369158366,-0.020668818221788607,-0.038871281636377215,0.22613622009658652,,0.017044615604081974
0.14695010752405374,,0.4232685573264421,-0.026463716986110223,,0.2578642743422778,0.41190081471464157,0.41190081471464157,0.41190081471464157,-0.07577343863772722,1.0,0.39578951349887515,0.49298387664651216,0.19659247423143691,,0.10653631236940597,0.2965090722439147,0.3805359941584444,0.01944208844929094,0.13196536468205072,-0.008233563644798469,0.10024744902142964,,-0.06986856171011231,0.09949791349583667,,0.10982158418929298,,,0.5394343452639128,0.2678492539243365,0.5394343452639128,0.2731626512709975,0.14175929322105954,-0.008023557695488867,0.06895522214958646,0.2192498475410177,,0.49298387664651216,0.2731626512709975,0.46463962426937644,0.2731626512709975,0.49298387664651216,0.4232685573264421,0.49298387664651216,0.4232685573264421,0.24641082534738917,0.023706976757096293,0.023706976757096293,0.44742058088012293,0.13870187107813922,0.217676214767161,0.12055251652920451,0.1906481647841873,0.20874053014057908,0.3789464289261341,0.48761382502639317,0.41354261248525825,,0.49298387664651216,0.12544974686861052,0.016815270041409733,0.01616144302716329,0.07935059371066147,,0.4232685573264421,0.44716590939467643,0.21263751996488156,,0.15126219030305998,,0.15160060122541671,0.45563783131681623,0.45563783131681623,0.05340590824264302,,0.5189695515779682,0.05643273346513467,0.32715349519822623,0.19567337180681693,0.1443843098067852,,0.45563783131681623,0.5394343452639128,0.4998075419907536,0.0649599369177693,0.3388692567162925,0.15619505140053364,0.15160060122541671,0.45563783131681623,0.043451323523971574,0.15006289662481476,0.40588586946537253,,0.44742058088012293
0.12766004627222277,,0.4265408684248047,-0.04952811371432891,,0.2753960972024054,0.4495964987725821,0.4495964987725821,0.4495964987725821,0.0639040813582496,0.39578951349887515,1.0,0.41408758889126157,0.17384948790374022,,0.061412813007693266,0.2837927337011976,0.22855281886562492,0.17225956586279464,0.05215436941649203,0.06937711592576863,0.1509223090239696,,0.031819844209710325,0.22183549977084643,,0.35740346229310777,,,0.3552906492764403,0.2210169071930925,0.3552906492764403,0.22803979679071687,0.22198844334028514,-0.102430031069776,-0.07407018430522609,0.29126964429963603,,0.41408758889126157,0.22803979679071687,0.43903777046306136,0.22803979679071687,0.41408758889126157,0.4265408684248047,0.41408758889126157,0.4265408684248047,0.07796524006658818,0.11879189190102248,0.11879189190102248,0.5465580509185644,0.30056652321470867,0.19025310352816197,0.3821180885767257,0.23594510046486525,0.2733177536470282,0.5687946267918289,0.37759931542490155,0.4349020175253438,,0.41408758889126157,0.3079457079771306,0.08743762968561679,0.12343793579293702,0.057369779191290195,,0.4265408684248047,0.44979826021990016,0.5706363738141884,,0.1639283765038449,,0.09840339294242277,0.4619078788960143,0.4619078788960143,0.30293751709393174,,0.44054603067472947,0.1314390828160758,0.2588465605636941,0.24603549828907104,0.20940564989829083,,0.4619078788960143,0.3552906492764403,0.5416070449000434,0.08169227215237891,0.20717362660117108,0.2333481019830996,0.09840339294242277,0.4619078788960143,-0.01630806614674722,0.30525564260981836,0.2856840251763118,,0.5465580509185644
0.1486072866214454,,0.8394229587705127,0.3185965984167792,,0.17367792899961196,0.7450029391994726,0.7450029391994726,0.7450029391994726,0.08335246842799575,0.49298387664651216,0.41408758889126157,1.0,0.17179186374488542,,0.2141564554878588,0.43774773481897317,0.47100579815366844,0.13933309933971494,0.08959611035752177,0.14535011559806088,0.16415107006120488,,0.08738996695934836,0.2691072845761125,,0.12899143102937954,,,0.8959810154357262,0.4507069737067238,0.8959810154357262,0.4483544924189517,0.14968034937634786,0.07106937428622431,0.010841206336012918,0.21627511672791372,,1.0,0.4483544924189517,0.903715565489168,0.4483544924189517,1.0,0.8394229587705127,1.0,0.8394229587705127,0.5898807264632264,0.1887163980731282,0.1887163980731282,0.6972576962287755,0.17291907725700983,0.31966165522018364,0.4397115295295438,0.3024664825145701,0.29329843749619106,0.41818277605036286,0.9240514511560683,0.8320964888194452,,1.0,0.23516606766556572,0.031958814656876916,0.35235289588600854,0.019038539029356785,,0.8394229587705127,0.8384106369986326,0.3617505203445413,,0.12582561087954522,,0.12939048375143236,0.833833141702335,0.833833141702335,0.40314504674733276,,0.9280821977436693,0.47256948204463817,0.37287270260382704,0.237151639002383,0.11581766208777536,,0.833833141702335,0.8959810154357262,0.9225799358949252,0.19311993557617982,0.6294813140961231,0.30161814914192153,0.12939048375143236,0.833833141702335,0.052445278910874554,0.032584172250201035,0.33480478821886017,,0.6972576962287755
0.23397850523119126,,0.14481465205164357,0.21381608575066813,,-0.08595313567247372,0.1711857031133675,0.1711857031133675,0.1711857031133675,-0.0007837012395033204,0.19659247423143691,0.17384948790374022,0.17179186374488542,1.0,,0.03494672869524767,0.305534145954124,0.337148969197256,0.00027329495613541584,0.22890350439906668,0.09869346601046892,0.26194684125078965,,0.02608231365192855,-0.010753337445820426,,0.12052185673098706,,,0.15030151746664916,0.17249113049352116,0.15030151746664916,0.16108376418005566,0.16470614618368581,0.019799212896642344,-0.01669957962592389,0.13311819699862523,,0.17179186374488542,0.16108376418005566,0.15545126103781073,0.16108376418005566,0.17179186374488542,0.14481465205164357,0.17179186374488542,0.14481465205164357,0.16252916274701698,0.027013824853783137,0.027013824853783137,0.23952905838061975,-0.009932923475562485,0.13914576316894112,0.2973305148057645,0.6361115667019192,0.0930073438508621,0.22706420056580204,0.1641197161166962,0.12816444119205386,,0.17179186374488542,0.06026449493188212,-0.012395364285344506,0.21608685847624798,0.0687006563606415,,0.14481465205164357,0.15715453590036957,0.031863949280600726,,0.4540074314745616,,0.06677576067796635,0.14056739222930886,0.14056739222930886,0.27151185201518013,,0.2879611208798862,0.044863110919478436,0.15541385786476533,0.1920712962490249,-0.17121855937844555,,0.14056739222930886,0.15030151746664916,0.2455012760519141,0.33094823952001595,0.21305488225122454,0.2002562541509346,0.06677576067796635,0.14056739222930886,-0.11662688490828875,-0.09990050346129203,0.16480889289707312,,0.23952905838061975
,,,,,,,,,,,,,,,,,,,,,,,,,,,,,,,,,,,,,,,,,,,,,,,,,,,,,,,,,,,,,,,,,,,,,,,,,,,,,,,,,,,,,,,,,,,,,,
0.23269875349390606,,0.23054545146087999,0.20865640118922812,,0.31052244796142886,0.19829768138919193,0.19829768138919193,0.19829768138919193,-0.029598953354553086,0.10653631236940597,0.061412813007693266,0.2141564554878588,0.03494672869524767,,1.0,0.26738500166705353,0.12452837265897598,0.2259604439087551,0.265376097523278,0.093754169742632,-0.10405175696499291,,0.10251330801084113,0.12988668805876202,,-0.10694209651842161,,,0.12962808469437542,0.09210695326963933,0.12962808469437542,0.09118456545843051,0.1213224163301363,0.1584600792553692,-0.03640316349067187,-0.09197032786287009,,0.2141564554878588,0.09118456545843051,0.24122947273135306,0.09118456545843051,0.2141564554878588,0.23054545146087999,0.2141564554878588,0.23054545146087999,0.19324125040809764,0.2567431584398758,0.2567431584398758,0.23349039209099234,0.04208681673063591,0.3115883635245425,0.23461484544897082,0.2093486551048977,0.11490851179370111,0.12243374852914321,0.2427275019600812,0.23753716532946856,,0.2141564554878588,0.1657830612215337,-0.0422102544176855,0.13551890327322158,-0.06071081257491425,,0.23054545146087999,0.2255206190652577,0.10490060106998167,,0.007023402269150421,,-0.0208429551649735,0.18970946303688113,0.18970946303688113,0.21859984513457034,,0.2270743725908449,0.078386101849833,-0.03981633537753049,0.04431766243028428,0.2013209881431496,,0.18970946303688113,0.12962808469437542,0.2573920499136091,-0.052131453601091456,0.20181140734745837,-0.0422102544176855,-0.0208429551649735,0.18970946303688113,0.4652183896232143,0.0671799429368552,-0.012485177604297725,,0.23349039209099234
0.29457799243023935,,0.4106136090714765,0.2612457528253857,,0.037158671330160126,0.4408786974337468,0.4408786974337468,0.4408786974337468,0.03210652090455654,0.2965090722439147,0.2837927337011976,0.43774773481897317,0.305534145954124,,0.26738500166705353,1.0,0.5757925678070367,0.062453075199838795,0.17313935742588926,0.18561208165774642,0.22711061785661768,,0.22848658092711144,-0.060606641407532705,,-0.012753541424891483,,,0.39501898930817103,0.28570926479764047,0.39501898930817103,0.2813247286024733,0.058624132182898574,-0.044259238717145835,0.06912611809538818,0.1285216256295731,,0.43774773481897317,0.2813247286024733,0.4345608712695842,0.2813247286024733,0.43774773481897317,0.4106136090714765,0.43774773481897317,0.4106136090714765,0.4729695500382674,0.26114760460249914,0.26114760460249914,0.5104114157868617,0.07923994385272336,0.39276014210542026,0.3764878310545101,0.45936626554904847,0.12896105499381366,0.2708050257316038,0.41038064251284007,0.3848010395469171,,0.43774773481897317,-0.02639895068449554,-0.06384845296252155,0.21603155022510592,0.08683037831325843,,0.4106136090714765,0.4208115512363872,0.009378346678422156,,0.08566861127388414,,0.11455090398022535,0.4049975887690951,0.4049975887690951,0.402304667913974,,0.44556479821879846,0.18813500167004596,0.08529040614227032,0.19786413693165522,-0.07919889273184369,,0.4049975887690951,0.39501898930817103,0.5062942106334317,0.27563092601885436,0.36890526297371956,0.29026954721977644,0.11455090398022535,0.4049975887690951,0.14873138439134664,-0.10209347024998361,0.18427859820582457,,0.5104114157868617
0.10797387977579673,,0.49058459889105677,0.14637947149171418,,-0.006966327746361529,0.5363859489457945,0.5363859489457945,0.5363859489457945,-0.020211018458224244,0.3805359941584444,0.22855281886562492,0.47100579815366844,0.337148969197256,,0.12452837265897598,0.5757925678070367,1.0,0.13096630357102956,0.05170244296304173,0.09018719254720253,0.1634974577654169,,0.02164625123487745,0.26642433056276893,,0.03815292363202848,,,0.4338270660633965,0.3405294823120866,0.4338270660633965,0.3321152530212921,0.1087523310405778,0.10302912000871191,0.06255971418575974,0.048854117775989775,,0.47100579815366844,0.3321152530212921,0.506544662921361,0.3321152530212921,0.47100579815366844,0.49058459889105677,0.47100579815366844,0.49058459889105677,0.30312867029860374,0.09142832310252623,0.09142832310252623,0.530913172783943,0.003214166917558448,0.2149178014928665,0.3021679194070393,0.4335987554697791,0.11062738034806473,0.27221298367202157,0.46533087160068765,0.4433200663057363,,0.47100579815366844,0.1464933917328984,0.14026550890950795,0.20331628406445265,0.009280139647181995,,0.49058459889105677,0.5032325081057453,0.019249572415073697,,0.16494539076240777,,0.12455386973801306,0.5007709412442992,0.5007709412442992,0.2648455585833839,,0.4498545693834483,0.16238957844968058,0.24238862719812038,0.05695386194505281,-0.0190070975096594,,0.5007709412442992,0.4338270660633965,0.4651393989489385,0.33806754961114266,0.28692893852403817,0.3085036797872381,0.12455386973801306,0.5007709412442992,0.054293546203488904,-0.05178310247727474,0.18359434243260517,,0.530913172783943
0.03523417147186064,,0.24970634772417216,0.09004711424544612,,0.17834707084263074,0.2511396042912078,0.2511396042912078,0.2511396042912078,-0.05397102760900651,0.01944208844929094,0.17225956586279464,0.13933309933971494,0.00027329495613541584,,0.2259604439087551,0.062453075199838795,0.13096630357102956,1.0,0.017088493581091442,0.05899374492736083,-0.014601559551583692,,-0.009859493065565758,0.47665947873217346,,0.2156159174809049,,,0.04669326413060658,0.13263792238395783,0.04669326413060658,0.12276998260379537,0.3834247040150173,0.29453869936542865,0.38315099340240333,0.3561522061590716,,0.13933309933971494,0.12276998260379537,0.2359713055385121,0.12276998260379537,0.13933309933971494,0.24970634772417216,0.13933309933971494,0.24970634772417216,-0.04171724813620379,0.08992975762638458,0.08992975762638458,0.27788177837759864,0.3270695833180681,0.013958566663095126,0.20112397088099113,0.18908768011315047,-0.13818368309601806,0.13084809249691196,0.151564196835783,0.25213716958732324,,0.13933309933971494,0.6498023717296217,0.3343347124220871,0.07553182486708024,0.07316513399169684,,0.24970634772417216,0.24307022135776565,0.09784969517377774,,0.01837842692910886,,-0.03800525292861508,0.2366116811868832,0.2366116811868832,0.15206682511915934,,0.14182617909533443,0.004076881142043193,0.23965293937952756,0.1851381451063441,0.12591222524311427,,0.2366116811868832,0.04669326413060658,0.22117824005228412,0.12966684500120618,0.015312615940225807,0.06811438095270826,-0.03800525292861508,0.2366116811868832,0.38146462515272683,0.04030488255507492,0.2206007752888267,,0.27788177837759864
0.856708087512431,,0.08348975361248633,0.49255214760871674,,0.08685893190889245,0.006928471046298603,0.006928471046298603,0.006928471046298603,-0.06719881054137275,0.13196536468205072,0.05215436941649203,0.08959611035752177,0.22890350439906668,,0.265376097523278,0.17313935742588926,0.05170244296304173,0.017088493581091442,1.0,-0.012587578043677673,0.11609821688310491,,0.1978038376069104,0.06411128780695824,,-0.056127087786044666,,,0.0064344483401865835,-0.08363331669308946,0.0064344483401865835,-0.0854990725776909,0.2112994884087297,0.02188585859404838,0.042347782795624636,0.04248484598142169,,0.08959611035752177,-0.0854990725776909,0.07357091663454222,-0.0854990725776909,0.08959611035752177,0.08348975361248633,0.08959611035752177,0.08348975361248633,0.12779083995935409,0.1977107457172222,0.1977107457172222,0.023882228504767594,-0.09975274117807424,0.039935950416247784,0.015144553454432084,0.15698860426237007,0.11145352834552154,0.06649945067875675,0.1478750644120248,0.08143417040215309,,0.08959611035752177,0.09555927517645176,0.10353701683204104,-0.010225318694051648,0.11797462172774653,,0.08348975361248633,0.07700645704163289,0.14161301112853983,,0.233411947732643,,0.1656199198892535,0.012254151133707617,0.012254151133707617,-0.07184761024266638,,0.13258253907113107,-0.07563229246653463,-0.06665451548675393,0.14477873053797702,0.1352998405065028,,0.012254151133707617,0.0064344483401865835,0.10179911012321172,0.08411978367763674,0.10936799222988877,0.014651752014184095,0.1656199198892535,0.012254151133707617,0.19311324524233045,0.03770658624808255,0.07719740123297382,,0.023882228504767594
0.025102292850249047,,0.2833511601966553,0.1967634773665031,,-0.008848238966486668,0.2870823602265641,0.2870823602265641,0.2870823602265641,0.13674022998652405,-0.008233563644798469,0.06937711592576863,0.14535011559806088,0.09869346601046892,,0.093754169742632,0.18561208165774642,0.09018719254720253,0.05899374492736083,-0.012587578043677673,1.0,0.2564815520975388,,0.03126072427571088,-0.018266189021641677,,-0.11391733025645134,,,0.09231605574110326,0.05360042615182229,0.09231605574110326,0.06125412562490018,-0.10146834588185237,0.1725419624552898,-0.10752113740427137,-0.1527923201457731,,0.14535011559806088,0.06125412562490018,0.2645561912677851,0.06125412562490018,0.14535011559806088,0.2833511601966553,0.14535011559806088,0.2833511601966553,0.2210339438549339,0.10708531605050946,0.10708531605050946,0.3485561873297181,-0.17880983066637668,0.5105127069671637,0.4420656909089536,0.26346801708095324,0.041339758826170296,0.05530281317739102,0.18688069675631472,0.29939147643893055,,0.14535011559806088,0.02922345799086757,-0.12467308140063657,0.20558454464951614,-0.06437010211088129,,0.2833511601966553,0.274966262734004,-0.11316320426139742,,0.10915796768386642,,-0.061562183923340716,0.2823155118046824,0.2823155118046824,0.34165550212200335,,0.1234475970894192,0.29264169254492706,0.07776969661415428,0.18814176377097727,0.08122778443937931,,0.2823155118046824,0.09231605574110326,0.24385253226980155,0.2100006391404569,0.014936610741765605,0.20246496277045525,-0.061562183923340716,0.2823155118046824,0.11022492527712018,0.06757542414023804,-0.13560109064673073,,0.3485561873297181
0.15138236779825817,,0.2579451592129116,0.24598186447465853,,-0.07797372813268037,0.22271078074599762,0.22271078074599762,0.22271078074599762,-0.05907802081317061,0.10024744902142964,0.1509223090239696,0.16415107006120488,0.26194684125078965,,-0.10405175696499291,0.22711061785661768,0.1634974577654169,-0.014601559551583692,0.11609821688310491,0.2564815520975388,1.0,,0.14325420753388438,-0.03230990189509584,,-0.0868970482173747,,,0.13095212869404615,-0.004741262061520485,0.13095212869404615,0.0007688127931526422,0.020650010589582223,0.024170339443826107,-0.07265888170455674,0.078578571618976,,0.16415107006120488,0.0007688127931526422,0.22896385328611682,0.0007688127931526422,0.16415107006120488,0.2579451592129116,0.16415107006120488,0.2579451592129116,0.17540349052280557,0.14455359245700938,0.14455359245700938,0.24799713638468132,-0.06861644865372968,0.23688697958642976,0.22304297583251703,0.23520287436511958,0.14719175368773435,0.05147511506330631,0.2130867989858227,0.2631262312456514,,0.16415107006120488,-0.009991356378382787,0.04834153226215711,0.14230807649744381,-0.03930700188982275,,0.2579451592129116,0.24608684732827166,0.08621816208147141,,0.12007109347546226,,-0.04160148922478271,0.2363561268867379,0.2363561268867379,0.16168258497035579,,0.18860982804722468,0.04455783890492179,0.09090911937205161,0.14266062718539638,-0.09661737402085205,,0.2363561268867379,0.13095212869404615,0.20318371471473648,0.30985529437017206,0.1472220479589795,0.44879210927125723,-0.04160148922478271,0.2363561268867379,-0.07265888170455674,-0.05194866425064316,0.15415453942260426,,0.24799713638468132
,,,,,,,,,,,,,,,,,,,,,,,,,,,,,,,,,,,,,,,,,,,,,,,,,,,,,,,,,,,,,,,,,,,,,,,,,,,,,,,,,,,,,,,,,,,,,,
0.526256900794727,,0.08363097273677556,0.3402999695171481,,0.03323874175121796,-0.0020369853844297422,-0.0020369853844297422,-0.0020369853844297422,0.21121691893684724,-0.06986856171011231,0.031819844209710325,0.08738996695934836,0.02608231365192855,,0.10251330801084113,0.22848658092711144,0.02164625123487745,-0.009859493065565758,0.1978038376069104,0.03126072427571088,0.14325420753388438,,1.0,-0.053772112649735505,,-0.0418161454420765,,,-0.025278958310796983,-0.03581690632320883,-0.025278958310796983,-0.03524482504766053,-0.01448296867603458,-0.049151510285127854,-0.042390221902465386,0.08521623775448428,,0.08738996695934836,-0.03524482504766053,0.06667522742529162,-0.03524482504766053,0.08738996695934836,0.08363097273677556,0.08738996695934836,0.08363097273677556,0.1470914920137303,0.874924691921497,0.874924691921497,0.0111660251619666,0.010455277424537139,0.11194594331231067,0.11533970739760001,0.06958206778337632,0.06080112265712854,-0.002293485525403731,0.14670557546471003,0.07971514892941202,,0.08738996695934836,-0.08492909353121242,-0.04915237797351618,0.0973916886709489,0.0673361332000718,,0.08363097273677556,0.08375167592162558,0.03686871674845619,,0.21523720728289947,,-0.024270898730347042,0.01202661646598439,0.01202661646598439,0.09078717456622071,,0.11608299992522228,0.05247466842356116,0.05831896269556503,0.2962016995093339,0.05803087174832124,,0.01202661646598439,-0.025278958310796983,0.0925722691394479,0.10523083044995396,0.03190497445988983,0.14598459367134195,-0.024270898730347042,0.01202661646598439,0.18555940111024105,-0.07972213198247705,0.11218116599504976,,0.0111660251619666
0.07022587219805303,,0.37774841550694427,0.090905035690275,,0.40311025435787046,0.4127201022732857,0.4127201022732857,0.4127201022732857,0.022326831878200715,0.09949791349583667,0.22183549977084643,0.2691072845761125,-0.010753337445820426,,0.12988668805876202,-0.060606641407532705,0.26642433056276893,0.47665947873217346,0.06411128780695824,-0.018266189021641677,-0.03230990189509584,,-0.053772112649735505,1.0,,0.29075419709715244,,,0.2265746019702951,0.15336529442287342,0.2265746019702951,0.1422060001570281,0.4134259677460079,0.19464843396039824,0.19618439061060344,0.2921185869896962,,0.2691072845761125,0.1422060001570281,0.35957897291079527,0.1422060001570281,0.2691072845761125,0.37774841550694427,0.2691072845761125,0.37774841550694427,-0.19566750187659276,0.025541429762260974,0.025541429762260974,0.32522927835756016,0.3359045724062837,0.039188540569092364,0.01431546548056154,0.0882722764245556,-0.0609103102695768,0.19020101314185214,0.31907825026089215,0.3750015628738007,,0.2691072845761125,0.6592628913530453,0.2842159823718346,0.09185214676396695,-0.03640536442447141,,0.37774841550694427,0.3757254402609997,0.12616397609271487,,0.17584352072343729,,0.06456013088798325,0.3749747894527314,0.3749747894527314,-0.0024392507790652095,,0.2461311794757239,-0.009030501658974928,0.29910915004983096,0.2092586685959522,0.4641296914798268,,0.3749747894527314,0.2265746019702951,0.27081037305527206,0.08041616555866123,0.018828654042815755,0.1734974511576641,0.06456013088798325,0.3749747894527314,0.1780507431620951,0.2930897937706227,0.3137813285030875,,0.32522927835756016
,,,,,,,,,,,,,,,,,,,,,,,,,,,,,,,,,,,,,,,,,,,,,,,,,,,,,,,,,,,,,,,,,,,,,,,,,,,,,,,,,,,,,,,,,,,,,,
-0.05164708743330791,,0.15738781963270132,0.054662033153206925,,0.20391418815228005,0.19133423618345136,0.19133423618345136,0.19133423618345136,0.25231950062135894,0.10982158418929298,0.35740346229310777,0.12899143102937954,0.12052185673098706,,-0.10694209651842161,-0.012753541424891483,0.03815292363202848,0.2156159174809049,-0.056127087786044666,-0.11391733025645134,-0.0868970482173747,,-0.0418161454420765,0.29075419709715244,,1.0,,,0.11871086044015257,0.12262244718607253,0.11871086044015257,0.12464471626557386,0.3840891596458304,0.03543874598182799,0.18083924818949942,0.5256160257696942,,0.12899143102937954,0.12464471626557386,0.15361556992378855,0.12464471626557386,0.12899143102937954,0.15738781963270132,0.12899143102937954,0.15738781963270132,-0.24085642047750558,-0.042535399516943705,-0.042535399516943705,0.22227209437102366,0.4257284129792023,-0.24301359500748052,0.08908853057189609,0.11363698968145103,-0.10948761409660529,0.26651847605316414,0.18057240314099426,0.16005146488228916,,0.12899143102937954,0.3153198234111192,0.24376562710072575,-0.10071729435302242,0.11888074518780224,,0.15738781963270132,0.15496175446039526,0.12257155575696461,,0.13795538581781192,,-0.0427570913337253,0.16606062210288036,0.16606062210288036,0.06703389694355329,,0.1355512208526316,-0.03689716073890033,0.3628459020083724,0.116450816366749,0.1125957558461089,,0.16606062210288036,0.11871086044015257,0.1810678170475557,-0.0015265964191209696,-0.06077461619561612,0.037277209588661826,-0.0427570913337253,0.16606062210288036,0.041050948836646284,0.25065076691261073,0.3911090674216931,,0.22227209437102366
,,,,,,,,,,,,,,,,,,,,,,,,,,,,,,,,,,,,,,,,,,,,,,,,,,,,,,,,,,,,,,,,,,,,,,,,,,,,,,,,,,,,,,,,,,,,,,
,,,,,,,,,,,,,,,,,,,,,,,,,,,,,,,,,,,,,,,,,,,,,,,,,,,,,,,,,,,,,,,,,,,,,,,,,,,,,,,,,,,,,,,,,,,,,,
0.05531748379684512,,0.6506126988350157,0.23506431838960096,,0.14256799020638022,0.5913259320223949,0.5913259320223949,0.5913259320223949,0.08729775653080561,0.5394343452639128,0.3552906492764403,0.8959810154357262,0.15030151746664916,,0.12962808469437542,0.39501898930817103,0.4338270660633965,0.04669326413060658,0.0064344483401865835,0.09231605574110326,0.13095212869404615,,-0.025278958310796983,0.2265746019702951,,0.11871086044015257,,,1.0,0.5352246510762555,1.0,0.5323747607136416,0.13148271078075502,0.024777813289247764,0.008151496288979468,0.18571839237073806,,0.8959810154357262,0.5323747607136416,0.7341206327276375,0.5323747607136416,0.8959810154357262,0.6506126988350157,0.8959810154357262,0.6506126988350157,0.47410614838030385,0.06859183973580031,0.06859183973580031,0.5920246755282492,0.12463186469754296,0.2973141261548218,0.3659127226021053,0.2544567684055508,0.3063966820207835,0.4061728263904501,0.7975169019921666,0.6452441742896952,,0.8959810154357262,0.16075617976083825,0.05188117172046473,0.3873814493845264,0.008118956486922178,,0.6506126988350157,0.6476364542195627,0.27808405079220494,,0.13424901414975604,,0.12811064051566826,0.6567402218082186,0.6567402218082186,0.3157991421270594,,0.8294547396176839,0.4622337693601625,0.3227684255250723,0.13518522541191563,0.06874539877964718,,0.6567402218082186,1.0,0.7943205963386786,0.1972906752668764,0.6773884043130706,0.2948994720228925,0.12811064051566826,0.6567402218082186,-0.009497499534227622,0.03778634149488371,0.32755457725820086,,0.5920246755282492
-0.06129614394268846,,0.3582166561077209,0.16945181419785108,,0.3035359313480533,0.39116494783829125,0.39116494783829125,0.39116494783829125,0.12381813607512378,0.2678492539243365,0.2210169071930925,0.4507069737067238,0.17249113049352116,,0.09210695326963933,0.28570926479764047,0.3405294823120866,0.13263792238395783,-0.08363331669308946,0.05360042615182229,-0.004741262061520485,,-0.03581690632320883,0.15336529442287342,,0.12262244718607253,,,0.5352246510762555,1.0,0.5352246510762555,0.9915444458229611,0.1745564669992713,0.011670997072051683,0.019206846620898384,0.20770229369246232,,0.4507069737067238,0.9915444458229611,0.39723469358862384,0.9915444458229611,0.4507069737067238,0.3582166561077209,0.4507069737067238,0.3582166561077209,0.2563150141317002,0.01806311707527282,0.01806311707527282,0.45887560120799176,0.06463637078624973,0.3010541261374366,0.283827761747522,0.2077073402110313,0.01762593350663835,0.02135568985136177,0.4543673563667472,0.35711158060991455,,0.4507069737067238,0.1494681736120718,0.058361675658029626,0.36335093884722175,0.125932342290218,,0.3582166561077209,0.352172988755416,0.14814655048118658,,-0.005421291465728063,,0.13797926390887058,0.3502919172078673,0.3502919172078673,0.34669208936944956,,0.47665013670805834,0.18504288174472258,0.17888360466368802,0.013965785750132673,0.17041799540347774,,0.3502919172078673,0.5352246510762555,0.46552824015947064,0.07585168849507437,0.4007275091497049,-0.04425095337934978,0.13797926390887058,0.3502919172078673,0.03237372249825434,0.20311071653459448,0.1626469737180639,,0.45887560120799176
