Stereotype,abstract,category,collective,datatype,enumeration,event,historicalRole,historicalRoleMixin,kind,mixin,mode,phase,phaseMixin,quality,quantity,relator,role,roleMixin,situation,subkind,type,bringsAbout,characterization,comparative,componentOf,creation,derivation,externalDependence,historicalDependence,instantiation,manifestation,material,mediation,memberOf,participation,participational,subCollectionOf,subQuantityOf,termination,triggers
abstract,0.07237778951611722,0.07237778951611716,0.003909478922759793,0.0036603991958101337,0.0007774488964508511,0.05338745580214585,0.0007774488964508511,0.053387455802146114,0.02784587535290503,0.0022541435130529197,0.026473720052533366,0.006382005970446664,0.07237778951611722,0.03305156721448864,0.0009789066013148884,0.02113578212839993,0.016029392358754335,0.07237778951611698,0.0533874558021461,0.0179900516131384,0.053387455802146114,0.041564904879470205,0.029371092768346152,0.0007774488964508511,0.046219673010851205,0.0381036509176112,0.005507295216913011,0.003909478922759807,0.07237778951611716,0.05338745580214611,0.04621967301085091,0.053387455802146384,0.016029392358754224,0.002939233642895868,0.0533874558021464,0.0005789110744153433,0.0,0.0,0.00038320970134677473,0.0016016907736868674
category,0.07237778951611716,2.091880385729296,0.3106434566105254,0.4269014057356573,0.09178769495935543,0.7160582016096576,0.12294406888467743,0.10687070800038774,0.9942407933118215,0.12293065487369331,0.5687607003016265,0.4701648838472396,0.2205562875730644,0.6385437162296125,0.0846684111956457,0.5723710253333751,0.7399265737907847,0.5869852765240264,0.38622396271073356,1.0250536779484687,0.5070057325765552,0.3167459850325921,0.8808917661452729,0.08808116612991923,0.5218970784096068,0.2995133031209141,0.2712967602331424,0.39782259237581624,0.3099982979361299,0.4406196218376872,0.31034874925326295,0.5902646784413261,0.7496594800085811,0.32110238402030844,0.5607432498671993,0.07917558803692464,0.0,0.0,0.03799389285880063,0.20759375935014357
collective,0.003909478922759793,0.3106434566105254,0.845577719505968,0.14098719952316374,0.06413723315885486,0.20311985910578773,0.07286979130811991,0.045602827029630234,0.4011485173432541,0.028467383158743004,0.17895228196834478,0.2752839532480716,0.062167480691091744,0.12784624255976357,0.04449243403810194,0.24654935022913785,0.2739183515191125,0.08942164723881095,0.06139670630802465,0.47631828985455615,0.13922790012866734,0.04222655195951313,0.2821738193061347,0.020197458493637965,0.22391601626101457,0.07537058487687437,0.11457397479102843,0.13182692865285714,0.055522388799464736,0.13165831301870995,0.05928026779539001,0.2328715881729999,0.41801075793799625,0.40987759980947863,0.22008391589909312,0.011920827929119394,0.0,0.0,0.00788238581336561,0.03317779113976693
datatype,0.0036603991958101337,0.4269014057356573,0.14098719952316374,0.9368990209906689,0.1853672435006612,0.2866057667526353,0.04868431515102482,0.03422574284487065,0.42305973070734065,0.06855966573034802,0.1923912248642494,0.24793973708314884,0.14936100904307278,0.22357464599469956,0.021515633435027368,0.2729227116670068,0.30188371417133236,0.2381112654371668,0.1786862774336121,0.4448083539488032,0.1835397450516926,0.14290426014278934,0.26174840884775263,0.15455435886401417,0.27319898531617975,0.09750101872524508,0.06950168631607256,0.13942200936059176,0.17683426387190404,0.22924610737967754,0.07903666177933788,0.28621222222975873,0.36555475115823854,0.13800096763925826,0.23012531534587635,0.06841991483972205,0.0,0.0,0.1184071976577363,0.07615796371468009
enumeration,0.0007774488964508511,0.09178769495935543,0.06413723315885486,0.1853672435006612,0.2883587724194743,0.10016070779577368,0.0031782755154396436,0.0023662522864455818,0.17536500943759273,0.009226755144085663,0.06751544374671442,0.13828563192467966,0.07667602350960159,0.1109091463932314,0.043965731498459025,0.12696988948758198,0.1504460329729021,0.10024563777447035,0.04648169533783014,0.19140443356647394,0.1316890266673737,0.05183334044378986,0.09442451569769233,0.07416513072814745,0.14962813723561058,0.047202860890743645,0.05333309751165504,0.06472937265685003,0.04301468036530324,0.13072752194018675,0.04785242638065989,0.18365256494551344,0.14542000365307292,0.0784112889296543,0.06159499850277612,0.0023662522864455818,0.0,0.0,0.07296497354333556,0.0065523775065373865
event,0.05338745580214585,0.7160582016096576,0.20311985910578773,0.2866057667526353,0.10016070779577368,1.8027585847865397,0.21239743756359028,0.15242111004456443,0.8713772276634248,0.08607378494667427,0.49955892253744805,0.466530621673857,0.12762858527257215,0.5742159270810988,0.13681011306345714,0.6235660108304394,0.6172020913307091,0.6053356132300668,0.5512152962904959,0.782180607231059,0.5117285564029639,0.3839257217715251,0.8128018932210126,0.14487763612911156,0.3816490798020348,0.619705612861772,0.27398858468647624,0.44205719614677746,0.4388043358587783,0.49649634656904096,0.4210246601666605,0.5109132357041051,0.7392861700910689,0.24923555089205143,0.9251521121765964,0.15242111004456443,0.0,0.0,0.08413305905922938,0.28868426361394184
historicalRole,0.0007774488964508511,0.12294406888467743,0.07286979130811991,0.04868431515102482,0.0031782755154396436,0.21239743756359028,0.2883587724194743,0.07356067044330368,0.21239743756359034,0.009226755144085663,0.035732443009519235,0.05701752061993883,0.006552377506537338,0.07108811623309677,0.15998888836275865,0.1443954478435833,0.1451686608569708,0.13514224179600434,0.14971785565415788,0.12192551083655823,0.0822110497879874,0.00832070978619915,0.09519989824295289,0.055174797014176345,0.06075601556678603,0.15406938829222608,0.14408815422728688,0.06472937265685003,0.08605892475213205,0.08075583393633615,0.05967497730333585,0.09960084757508053,0.17484014009068252,0.08187254289151324,0.1688924618200845,0.0023662522864455818,0.0,0.0,0.0015660906285332316,0.0065523775065373865
historicalRoleMixin,0.053387455802146114,0.10687070800038774,0.045602827029630234,0.03422574284487065,0.0023662522864455818,0.15242111004456443,0.07356067044330368,0.1975695602638013,0.0982083984301429,0.006866432575605055,0.02461149859172592,0.019492780776743164,0.09598057688472394,0.030477528442244814,0.04315370826946494,0.09599946517855668,0.0674535511370005,0.10635006010207317,0.03993830978451388,0.08951539822340648,0.14430508795132432,0.02628842839298231,0.037909442140525544,0.0023662522864456095,0.07782925879390873,0.1290212830667894,0.016810710841850575,0.07583677735796694,0.1262629935392977,0.152421110044564,0.08229746404149973,0.04813785772103598,0.10448597926299795,0.04710609257580902,0.14430508795132463,0.03518000748846197,0.0,0.0,0.053776102007328956,0.004877145067899762
kind,0.02784587535290503,0.9942407933118215,0.4011485173432541,0.42305973070734065,0.17536500943759273,0.8713772276634248,0.21239743756359034,0.0982083984301429,2.7500679046878074,0.15459600776039265,0.6700089980656244,0.755041420315288,0.19649088457157823,0.7663474460706183,0.1425521045204774,1.0534259973767952,1.2175202918723456,0.6562271754818557,0.38676711122168367,1.524150744403915,0.4124142650051179,0.2322483269273336,1.0844492351916883,0.17692978479556254,0.7127408796320095,0.39206688316169624,0.48995993907663543,0.4681320191822963,0.30772121547024245,0.39212484378743173,0.2729735576913162,0.8489671014003267,1.131353290218342,0.36091464357904335,0.6381683506983878,0.12902128306678995,0.0,0.0,0.06922051536314269,0.1753848517694343
mixin,0.0022541435130529197,0.12293065487369331,0.028467383158743004,0.06855966573034802,0.009226755144085663,0.08607378494667427,0.009226755144085663,0.006866432575605055,0.15459600776039265,0.5121895634464909,0.11409059052733653,0.1806711034846753,0.027245264718287546,0.17611703727820355,0.011624734871656911,0.17947700802006408,0.22409859218787428,0.13074211058684804,0.02643177178462553,0.2243377991269264,0.05073337069437369,0.020077933124740245,0.20857599533129503,0.05250719451204063,0.14459202876536842,0.02899983335864232,0.07443479988151,0.07896050003505578,0.06462711209463015,0.05478262207051506,0.07227246276205956,0.149227180962023,0.2392548432972411,0.038726547319742656,0.10056506210990522,0.006866432575605055,0.0,0.0,0.004542599923691493,0.020077481926992373
mode,0.026473720052533366,0.5687607003016265,0.17895228196834478,0.1923912248642494,0.06751544374671442,0.49955892253744805,0.035732443009519235,0.02461149859172592,0.6700089980656244,0.11409059052733653,1.589567804266064,0.31267988689422344,0.1492973761060052,0.466922678701301,0.045707014355891404,0.48716261578475456,0.5774763407950237,0.3571997236842799,0.16233496244674753,0.7688192361690803,0.3219535887172793,0.1367633166065742,0.8666692988656536,0.09641037703342761,0.4600349152636338,0.24758322632746724,0.2026298100307596,0.41197323116316487,0.16710194388448066,0.3356066028521798,0.3024131664520604,0.46310400312613487,0.654505203499559,0.205764259627793,0.3417083479315055,0.0397026834186627,0.0,0.0,0.01751132195451005,0.1048514862685763
phase,0.006382005970446664,0.4701648838472396,0.2752839532480716,0.24793973708314884,0.13828563192467966,0.466530621673857,0.05701752061993883,0.019492780776743164,0.755041420315288,0.1806711034846753,0.31267988689422344,1.513613295408774,0.1819140508513865,0.47290377332166933,0.07540107599673071,0.6088562049719675,0.7625536407144908,0.3426257092327073,0.16241669977567993,0.8903071084312447,0.19619586150937146,0.10763145907896837,0.541327437066825,0.11212751541941338,0.4000337818786389,0.19636572608226996,0.2533002248357358,0.20973924044612846,0.14233507815979832,0.18952305558289084,0.11332055896082269,0.49311784646282375,0.7227463179695075,0.22755059344664624,0.3386720515925026,0.058714649443809754,0.0,0.0,0.04775664598068435,0.05450871906466288
phaseMixin,0.07237778951611722,0.2205562875730644,0.062167480691091744,0.14936100904307278,0.07667602350960159,0.12762858527257215,0.006552377506537338,0.09598057688472394,0.19649088457157823,0.027245264718287546,0.1492973761060052,0.1819140508513865,0.4785876007536533,0.1407580832223564,0.00825364988995752,0.13834778739023842,0.16170400891057574,0.24475496714291758,0.0735895407574387,0.23559843243231496,0.1930172893044231,0.05508538357044854,0.16471101874297758,0.006552377506537338,0.18684605996775638,0.06265726851097211,0.03717221047336853,0.09273509046016162,0.12542874199605528,0.22583621205127785,0.061367362612629296,0.18819710340678636,0.1597633361109599,0.024734561708765125,0.09087552362090809,0.025418527948389384,0.0,0.0,0.04297633078392453,0.013522142246152329
quality,0.03305156721448864,0.6385437162296125,0.12784624255976357,0.22357464599469956,0.1109091463932314,0.5742159270810988,0.07108811623309677,0.030477528442244814,0.7663474460706183,0.17611703727820355,0.466922678701301,0.47290377332166933,0.1407580832223564,1.639412247178134,0.07270553544440667,0.595364194065858,0.6925614151007087,0.42785942696411894,0.2717164556923801,0.984264798966051,0.2541495005160871,0.2084958700009871,0.9426718582829903,0.11544451268030859,0.4034200283502879,0.21401792333697137,0.14488509296250948,0.26092241223329043,0.16418933213554332,0.2617903833735933,0.23114782428900918,0.5065849324878698,0.6372729104091743,0.15585348787566833,0.45981623523048204,0.09647858466518443,0.0,0.0,0.016799504643072886,0.1516323948430878
quantity,0.0009789066013148884,0.0846684111956457,0.04449243403810194,0.021515633435027368,0.043965731498459025,0.13681011306345714,0.15998888836275865,0.04315370826946494,0.1425521045204774,0.011624734871656911,0.045707014355891404,0.07540107599673071,0.00825364988995752,0.07270553544440667,0.28399777818325617,0.10778277993361929,0.15918146427869845,0.10402672001478533,0.12154328991935553,0.10515203004832452,0.09684038926574047,0.010482494532644195,0.09006352146147417,0.0040025173926757154,0.09245263099312531,0.087990316873763,0.06796243698940807,0.09834904584857418,0.014840114630500896,0.07639483970011812,0.043491432144441795,0.057611014173130186,0.15116317682309932,0.027539860651444557,0.10238245448579551,0.0029797376934041983,0.0,0.0,0.0019720130913415193,0.008253649889957568
relator,0.02113578212839993,0.5723710253333751,0.24654935022913785,0.2729227116670068,0.12696988948758198,0.6235660108304394,0.1443954478435833,0.09599946517855668,1.0534259973767952,0.17947700802006408,0.48716261578475456,0.6088562049719675,0.13834778739023842,0.595364194065858,0.10778277993361929,2.0940945886523568,0.8572091133870742,0.5953683862034915,0.22017882751058665,1.1712265691942223,0.34220797828672317,0.1483459962667664,0.7150477409279388,0.14265564619705626,0.5587155890991308,0.3157035964808723,0.4545334990803178,0.30936863367195366,0.21412818004113615,0.3298419591046786,0.21205075285238956,0.6493111507760884,1.3131963430066644,0.2916192077519372,0.47587653144606656,0.07367079502469706,0.0,0.0,0.06716519027001835,0.14103889713761056
role,0.016029392358754335,0.7399265737907847,0.2739183515191125,0.30188371417133236,0.1504460329729021,0.6172020913307091,0.1451686608569708,0.0674535511370005,1.2175202918723456,0.22409859218787428,0.5774763407950237,0.7625536407144908,0.16170400891057574,0.6925614151007087,0.15918146427869845,0.8572091133870742,2.278127456163823,0.5623750177208622,0.29212032231720725,1.1852946725818934,0.310573638926053,0.1818017489401502,0.8522153421580336,0.09718156066042498,0.5692391116788593,0.27497022409786953,0.3645398234780407,0.4159031628693387,0.19271091614051852,0.2800264421436608,0.23509205300370473,0.578930636026187,1.0277026139137304,0.3173905735155777,0.48240613689738665,0.10448597926299813,0.0,0.0,0.05118448887964135,0.12767050892644904
roleMixin,0.07237778951611698,0.5869852765240264,0.08942164723881095,0.2381112654371668,0.10024563777447035,0.6053356132300668,0.13514224179600434,0.10635006010207317,0.6562271754818557,0.13074211058684804,0.3571997236842799,0.3426257092327073,0.24475496714291758,0.42785942696411894,0.10402672001478533,0.5953683862034915,0.5623750177208622,1.5343440602924938,0.30444047250262046,0.6500076319925052,0.4717566652588723,0.2341882041532748,0.6038713845287942,0.054834922579959554,0.3122818844470612,0.3079999513686627,0.21803048439984588,0.46097466154709194,0.32136424177455614,0.5120845133150842,0.34753950213215407,0.3826703819492434,0.64824946737969,0.1199569200281361,0.4690546140429519,0.024766284886625314,0.0,0.0,0.04017770820491159,0.17589893766110065
situation,0.0533874558021461,0.38622396271073356,0.06139670630802465,0.1786862774336121,0.04648169533783014,0.5512152962904959,0.14971785565415788,0.03993830978451388,0.38676711122168367,0.02643177178462553,0.16233496244674753,0.16241669977567993,0.0735895407574387,0.2717164556923801,0.12154328991935553,0.22017882751058665,0.29212032231720725,0.30444047250262046,0.82054122224795,0.37932799917951776,0.2256294496732582,0.4763643756814664,0.38320068699147347,0.06564049870503375,0.17834453494734637,0.13081879526216944,0.14968380473788878,0.1659324516172159,0.18417629955667125,0.20145377901654535,0.18685936713559695,0.31074246006899403,0.27803003160219414,0.0406335026105099,0.4312257418663288,0.02465450489997898,0.0,0.0,0.040852619691274586,0.26558767212948003
subkind,0.0179900516131384,1.0250536779484687,0.47631828985455615,0.4448083539488032,0.19140443356647394,0.782180607231059,0.12192551083655823,0.08951539822340648,1.524150744403915,0.2243377991269264,0.7688192361690803,0.8903071084312447,0.23559843243231496,0.984264798966051,0.10515203004832452,1.1712265691942223,1.1852946725818934,0.6500076319925052,0.37932799917951776,2.6467549391571352,0.4323122586675997,0.3004270604523772,1.1411749614660243,0.17631324873953716,0.7708399326798046,0.32367064666884826,0.3941155861511454,0.49077824499275785,0.28012430992787735,0.4019186700436692,0.2552897669518946,0.9259322305044657,1.266401325304313,0.45310802262140715,0.5648591136907389,0.1085057319373776,0.0,0.0,0.043026455757640455,0.1931704313145201
type,0.053387455802146114,0.5070057325765552,0.13922790012866734,0.1835397450516926,0.1316890266673737,0.5117285564029639,0.0822110497879874,0.14430508795132432,0.4124142650051179,0.05073337069437369,0.3219535887172793,0.19619586150937146,0.1930172893044231,0.2541495005160871,0.09684038926574047,0.34220797828672317,0.310573638926053,0.4717566652588723,0.2256294496732582,0.4323122586675997,0.9401918052992954,0.1909242503673683,0.43736012545085323,0.013996432031708472,0.3717689347881276,0.21987518938294912,0.09812938405293989,0.45221984364465284,0.3110873137685405,0.7445798873920656,0.44693407055810536,0.21464628866466673,0.3893193176927225,0.1375872231184479,0.424202160300133,0.025616009627165974,0.0,0.0,0.041329153846674176,0.16708200730351772
bringsAbout,0.041564904879470205,0.3167459850325921,0.04222655195951313,0.14290426014278934,0.05183334044378986,0.3839257217715251,0.00832070978619915,0.02628842839298231,0.2322483269273336,0.020077933124740245,0.1367633166065742,0.10763145907896837,0.05508538357044854,0.2084958700009871,0.010482494532644195,0.1483459962667664,0.1818017489401502,0.2341882041532748,0.4763643756814664,0.3004270604523772,0.1909242503673683,0.5747772982131808,0.2900475206745901,0.08375174125209384,0.14113228618680831,0.05317361227826121,0.04510986040343266,0.166923160550069,0.18458601132958513,0.16894182385139384,0.1574808983278754,0.23884103507533505,0.2461463998605892,0.03561072279525419,0.3568980650820765,0.038110979315658246,0.0,0.0,0.04806259642662787,0.2549902358723017
characterization,0.029371092768346152,0.8808917661452729,0.2821738193061347,0.26174840884775263,0.09442451569769233,0.8128018932210126,0.09519989824295289,0.037909442140525544,1.0844492351916883,0.20857599533129503,0.8666692988656536,0.541327437066825,0.16471101874297758,0.9426718582829903,0.09006352146147417,0.7150477409279388,0.8522153421580336,0.6038713845287942,0.38320068699147347,1.1411749614660243,0.43736012545085323,0.2900475206745901,2.2045404152849932,0.11338879502837004,0.552291368696024,0.3496700560364867,0.25988283705223086,0.5636143021380483,0.34244634586137424,0.4364583535188796,0.349915125856708,0.7122491206880348,0.841983620976621,0.27179852294810125,0.6169036107586156,0.09597265264536829,0.0,0.0,0.027911892787496832,0.27860615059099114
comparative,0.0007774488964508511,0.08808116612991923,0.020197458493637965,0.15455435886401417,0.07416513072814745,0.14487763612911156,0.055174797014176345,0.0023662522864456095,0.17692978479556254,0.05250719451204063,0.09641037703342761,0.11212751541941338,0.006552377506537338,0.11544451268030859,0.0040025173926757154,0.14265564619705626,0.09718156066042498,0.054834922579959554,0.06564049870503375,0.17631324873953716,0.013996432031708472,0.08375174125209384,0.11338879502837004,0.26936843870550314,0.1567959200269058,0.06265577889857427,0.05851273498994555,0.01602702010652491,0.06706859103816094,0.012038443616028384,0.047852426380659875,0.25037810499153246,0.15584980637671142,0.05942095521568319,0.11562798950760739,0.0023662522864456095,0.0,0.0,0.07296497354333556,0.0065523775065373865
componentOf,0.046219673010851205,0.5218970784096068,0.22391601626101457,0.27319898531617975,0.14962813723561058,0.3816490798020348,0.06075601556678603,0.07782925879390873,0.7127408796320095,0.14459202876536842,0.4600349152636338,0.4000337818786389,0.18684605996775638,0.4034200283502879,0.09245263099312531,0.5587155890991308,0.5692391116788593,0.3122818844470612,0.17834453494734637,0.7708399326798046,0.3717689347881276,0.14113228618680831,0.552291368696024,0.1567959200269058,1.2680220913051388,0.20168640129938514,0.1491441987577806,0.3035084048262833,0.17652102302175454,0.3903574641834366,0.2749727222123456,0.5260901528038093,0.5459048970269069,0.25025734539434363,0.2850571908656279,0.015115253630350496,0.0,0.0,0.0581509119896706,0.05521257910013917
creation,0.0381036509176112,0.2995133031209141,0.07537058487687437,0.09750101872524508,0.047202860890743645,0.619705612861772,0.15406938829222608,0.1290212830667894,0.39206688316169624,0.02899983335864232,0.24758322632746724,0.19636572608226996,0.06265726851097211,0.21401792333697137,0.087990316873763,0.3157035964808723,0.27497022409786953,0.3079999513686627,0.13081879526216944,0.32367064666884826,0.21987518938294912,0.05317361227826121,0.3496700560364867,0.06265577889857427,0.20168640129938514,0.8248927548860183,0.11385307664490071,0.16031843294507084,0.1614214763875286,0.25008255726435674,0.20936381912206384,0.21840616704240032,0.3943940449562948,0.14883431051270027,0.550042520613,0.09409306077320033,0.0,0.0,0.07601703696598988,0.03389348897656265
derivation,0.005507295216913011,0.2712967602331424,0.11457397479102843,0.06950168631607256,0.05333309751165504,0.27398858468647624,0.14408815422728688,0.016810710841850575,0.48995993907663543,0.07443479988151,0.2026298100307596,0.2533002248357358,0.03717221047336853,0.14488509296250948,0.06796243698940807,0.4545334990803178,0.3645398234780407,0.21803048439984588,0.14968380473788878,0.3941155861511454,0.09812938405293989,0.04510986040343266,0.25988283705223086,0.05851273498994555,0.1491441987577806,0.11385307664490071,1.0253025777338496,0.11420520968635267,0.06587433055367657,0.0732382535664114,0.04809465486155907,0.5484543088372519,0.5055606990830945,0.1394059041568921,0.132629993456338,0.016810710841850575,0.0,0.0,0.026452812476080632,0.05161042809752883
externalDependence,0.003909478922759807,0.39782259237581624,0.13182692865285714,0.13942200936059176,0.06472937265685003,0.44205719614677746,0.06472937265685003,0.07583677735796694,0.4681320191822963,0.07896050003505578,0.41197323116316487,0.20973924044612846,0.09273509046016162,0.26092241223329043,0.09834904584857418,0.30936863367195366,0.4159031628693387,0.46097466154709194,0.1659324516172159,0.49077824499275785,0.45221984364465284,0.166923160550069,0.5636143021380483,0.01602702010652491,0.3035084048262833,0.16031843294507084,0.11420520968635267,1.0280679989868067,0.21103224072612795,0.4604255841564403,0.26972245646824405,0.18289504673039989,0.49470439658231846,0.19118927820745318,0.34305990669117303,0.0830045601492621,0.0,0.0,0.041822864971138525,0.15299137612822689
historicalDependence,0.07237778951611716,0.3099982979361299,0.055522388799464736,0.17683426387190404,0.04301468036530324,0.4388043358587783,0.08605892475213205,0.1262629935392977,0.30772121547024245,0.06462711209463015,0.16710194388448066,0.14233507815979832,0.12542874199605528,0.16418933213554332,0.014840114630500896,0.21412818004113615,0.19271091614051852,0.32136424177455614,0.18417629955667125,0.28012430992787735,0.3110873137685405,0.18458601132958513,0.34244634586137424,0.06706859103816094,0.17652102302175454,0.1614214763875286,0.06587433055367657,0.21103224072612795,0.7138380469590955,0.3049106236290836,0.23957064593187657,0.20599367065775184,0.33691951558398675,0.07971980297131315,0.4291550325985394,0.0647082684696804,0.0,0.0,0.037862138874147196,0.13095558768509905
instantiation,0.05338745580214611,0.4406196218376872,0.13165831301870995,0.22924610737967754,0.13072752194018675,0.49649634656904096,0.08075583393633615,0.152421110044564,0.39212484378743173,0.05478262207051506,0.3356066028521798,0.18952305558289084,0.22583621205127785,0.2617903833735933,0.07639483970011812,0.3298419591046786,0.2800264421436608,0.5120845133150842,0.20145377901654535,0.4019186700436692,0.7445798873920656,0.16894182385139384,0.4364583535188796,0.012038443616028384,0.3903574641834366,0.25008255726435674,0.0732382535664114,0.4604255841564403,0.3049106236290836,0.8738056945604272,0.49255422592388776,0.19834984024667002,0.3796867051279635,0.1128346614758782,0.4515225101620199,0.0327705269932187,0.0,0.0,0.048968641784514315,0.12663117856555492
manifestation,0.04621967301085091,0.31034874925326295,0.05928026779539001,0.07903666177933788,0.04785242638065989,0.4210246601666605,0.05967497730333585,0.08229746404149973,0.2729735576913162,0.07227246276205956,0.3024131664520604,0.11332055896082269,0.061367362612629296,0.23114782428900918,0.043491432144441795,0.21205075285238956,0.23509205300370473,0.34753950213215407,0.18685936713559695,0.2552897669518946,0.44693407055810536,0.1574808983278754,0.349915125856708,0.047852426380659875,0.2749727222123456,0.20936381912206384,0.04809465486155907,0.26972245646824405,0.23957064593187657,0.49255422592388776,0.6451218994442887,0.1301097403516499,0.2904982787876483,0.06660517299319099,0.40552062223321733,0.006866432575605083,0.0,0.0,0.004542599923691548,0.1349079907175503
material,0.053387455802146384,0.5902646784413261,0.2328715881729999,0.28621222222975873,0.18365256494551344,0.5109132357041051,0.09960084757508053,0.04813785772103598,0.8489671014003267,0.149227180962023,0.46310400312613487,0.49311784646282375,0.18819710340678636,0.5065849324878698,0.057611014173130186,0.6493111507760884,0.578930636026187,0.3826703819492434,0.31074246006899403,0.9259322305044657,0.21464628866466673,0.23884103507533505,0.7122491206880348,0.25037810499153246,0.5260901528038093,0.21840616704240032,0.5484543088372519,0.18289504673039989,0.20599367065775184,0.19834984024667002,0.1301097403516499,1.625912774151758,0.8194333901142965,0.31377219214495344,0.34947012428463237,0.021383330176035116,0.0,0.0,0.07918532899066927,0.11554498180859668
mediation,0.016029392358754224,0.7496594800085811,0.41801075793799625,0.36555475115823854,0.14542000365307292,0.7392861700910689,0.17484014009068252,0.10448597926299795,1.131353290218342,0.2392548432972411,0.654505203499559,0.7227463179695075,0.1597633361109599,0.6372729104091743,0.15116317682309932,1.3131963430066644,1.0277026139137304,0.64824946737969,0.27803003160219414,1.266401325304313,0.3893193176927225,0.2461463998605892,0.841983620976621,0.15584980637671142,0.5459048970269069,0.3943940449562948,0.5055606990830945,0.49470439658231846,0.33691951558398675,0.3796867051279635,0.2904982787876483,0.8194333901142965,2.2500989154379614,0.48329955215329046,0.583550748529907,0.14122116310643884,0.0,0.0,0.062058800500372734,0.19535679240431802
memberOf,0.002939233642895868,0.32110238402030844,0.40987759980947863,0.13800096763925826,0.0784112889296543,0.24923555089205143,0.08187254289151324,0.04710609257580902,0.36091464357904335,0.038726547319742656,0.205764259627793,0.22755059344664624,0.024734561708765125,0.15585348787566833,0.027539860651444557,0.2916192077519372,0.3173905735155777,0.1199569200281361,0.0406335026105099,0.45310802262140715,0.1375872231184479,0.03561072279525419,0.27179852294810125,0.05942095521568319,0.25025734539434363,0.14883431051270027,0.1394059041568921,0.19118927820745318,0.07971980297131315,0.1128346614758782,0.06660517299319099,0.31377219214495344,0.48329955215329046,0.7526959094853055,0.23549070282571,0.00895695549463437,0.0,0.0,0.038094330163782955,0.024887188207113616
participation,0.0533874558021464,0.5607432498671993,0.22008391589909312,0.23012531534587635,0.06159499850277612,0.9251521121765964,0.1688924618200845,0.14430508795132463,0.6381683506983878,0.10056506210990522,0.3417083479315055,0.3386720515925026,0.09087552362090809,0.45981623523048204,0.10238245448579551,0.47587653144606656,0.48240613689738665,0.4690546140429519,0.4312257418663288,0.5648591136907389,0.424202160300133,0.3568980650820765,0.6169036107586156,0.11562798950760739,0.2850571908656279,0.550042520613,0.132629993456338,0.34305990669117303,0.4291550325985394,0.4515225101620199,0.40552062223321733,0.34947012428463237,0.583550748529907,0.23549070282571,1.3273301376712594,0.15147287074261978,0.0,0.0,0.08413305905922985,0.20100565611463977
participational,0.0005789110744153433,0.07917558803692464,0.011920827929119394,0.06841991483972205,0.0023662522864455818,0.15242111004456443,0.0023662522864455818,0.03518000748846197,0.12902128306678995,0.006866432575605055,0.0397026834186627,0.058714649443809754,0.025418527948389384,0.09647858466518443,0.0029797376934041983,0.07367079502469706,0.10448597926299813,0.024766284886625314,0.02465450489997898,0.1085057319373776,0.025616009627165974,0.038110979315658246,0.09597265264536829,0.0023662522864456095,0.015115253630350496,0.09409306077320033,0.016810710841850575,0.0830045601492621,0.0647082684696804,0.0327705269932187,0.006866432575605083,0.021383330176035116,0.14122116310643884,0.00895695549463437,0.15147287074261978,0.1975695602638013,0.0,0.0,0.053776102007328956,0.025418527948389398
subCollectionOf,0.0,0.0,0.0,0.0,0.0,0.0,0.0,0.0,0.0,0.0,0.0,0.0,0.0,0.0,0.0,0.0,0.0,0.0,0.0,0.0,0.0,0.0,0.0,0.0,0.0,0.0,0.0,0.0,0.0,0.0,0.0,0.0,0.0,0.0,0.0,0.0,0.0,0.0,0.0,0.0
subQuantityOf,0.0,0.0,0.0,0.0,0.0,0.0,0.0,0.0,0.0,0.0,0.0,0.0,0.0,0.0,0.0,0.0,0.0,0.0,0.0,0.0,0.0,0.0,0.0,0.0,0.0,0.0,0.0,0.0,0.0,0.0,0.0,0.0,0.0,0.0,0.0,0.0,0.0,0.0,0.0,0.0
termination,0.00038320970134677473,0.03799389285880063,0.00788238581336561,0.1184071976577363,0.07296497354333556,0.08413305905922938,0.0015660906285332316,0.053776102007328956,0.06922051536314269,0.004542599923691493,0.01751132195451005,0.04775664598068435,0.04297633078392453,0.016799504643072886,0.0019720130913415193,0.06716519027001835,0.05118448887964135,0.04017770820491159,0.040852619691274586,0.043026455757640455,0.041329153846674176,0.04806259642662787,0.027911892787496832,0.07296497354333556,0.0581509119896706,0.07601703696598988,0.026452812476080632,0.041822864971138525,0.037862138874147196,0.048968641784514315,0.004542599923691548,0.07918532899066927,0.062058800500372734,0.038094330163782955,0.08413305905922985,0.053776102007328956,0.0,0.0,0.14456531416300195,0.003227166484237022
triggers,0.0016016907736868674,0.20759375935014357,0.03317779113976693,0.07615796371468009,0.0065523775065373865,0.28868426361394184,0.0065523775065373865,0.004877145067899762,0.1753848517694343,0.020077481926992373,0.1048514862685763,0.05450871906466288,0.013522142246152329,0.1516323948430878,0.008253649889957568,0.14103889713761056,0.12767050892644904,0.17589893766110065,0.26558767212948003,0.1931704313145201,0.16708200730351772,0.2549902358723017,0.27860615059099114,0.0065523775065373865,0.05521257910013917,0.03389348897656265,0.05161042809752883,0.15299137612822689,0.13095558768509905,0.12663117856555492,0.1349079907175503,0.11554498180859668,0.19535679240431802,0.024887188207113616,0.20100565611463977,0.025418527948389398,0.0,0.0,0.003227166484237022,0.452429484248387
