Stereotype,abstract,category,collective,datatype,enumeration,event,historicalRole,historicalRoleMixin,kind,mixin,mode,phase,phaseMixin,quality,quantity,relator,role,roleMixin,situation,subkind,type,none_c,other_c,bringsAbout,characterization,comparative,componentOf,creation,derivation,externalDependence,historicalDependence,instantiation,manifestation,material,mediation,memberOf,participation,participational,subCollectionOf,subQuantityOf,termination,triggers,none_r,other_r
abstract,0.08591550133466275,0.023716451066620563,0.007537343677606383,0.007759380863871946,0.0010971212799754243,0.042694517438133975,0.016785695274994825,0.04044501337819499,0.03153450435734313,0.0028315070298051276,0.015182602323697295,0.013014070742663957,0.024550406491266035,0.014817197171902625,0.0014090864867219027,0.012157623915699977,0.02364515553941654,0.02246799649745081,0.011545646133758355,0.030551137590918112,0.023359272845672567,0.014745222841978007,0.0018341784189300006,0.01232317315619252,0.03634589114348104,0.03563571034883463,0.035997931070389386,0.02993307032680238,0.007387341387098838,0.025982648406531677,0.02559167960687362,0.02829360622650471,0.037581792710665786,0.013992195362295224,0.023451191138009305,0.005087398637230216,0.026305488802353786,0.0004899062843230842,0.0010971212799754451,0.00039078560829675785,0.000589610056679124,0.001200472973389266,0.037811932959288766,0.006514182327584252
category,0.023716451066620563,2.1105742334031112,0.2739305455620475,0.2767824729242859,0.11932708323522276,0.5478329537189789,0.0893720366093941,0.06704636689335546,0.8066263760772162,0.1877996808885055,0.5609275249625532,0.3896813587925785,0.0929161006947103,0.4328418984323514,0.13647092458356327,0.5578787569739743,0.667618647129956,0.512561848643158,0.25928379069972984,0.9061228357735559,0.4297242937878195,0.26421479798819303,0.1869328773876031,0.19610313387496883,0.6972087944151932,0.10566401708483582,0.49272868078189586,0.1964439420457323,0.27066021847445493,0.22906607628334902,0.18040787276457348,0.2544555807690017,0.20379109115533628,0.5075742235793198,0.6432358197478634,0.30099860301569364,0.36610329733766767,0.05157804078089397,0.10055303204307417,0.07360389322170209,0.0767596492410388,0.14718056522340098,1.040925411558623,0.36834771128354893
collective,0.007537343677606383,0.2739305455620475,1.2279636388893078,0.11505512498170148,0.07410407092417673,0.19208110129231246,0.03829327745588289,0.027016212327703053,0.44576713755029695,0.08709523561567252,0.2220147547129446,0.2764027788681026,0.026077941880970994,0.14034317586984765,0.10420097669017228,0.42674414861123433,0.41124929962923673,0.2084880912530368,0.05628273178651576,0.52585392506758,0.19283716938725606,0.08205992345861851,0.0635454687469105,0.03942451075860639,0.2992858131822097,0.032769122433166584,0.3833736193667086,0.09212331205304183,0.22803892728117645,0.10369830789363342,0.07380605985199995,0.1120822826811827,0.05536716764567155,0.3406787385250735,0.5169970750135513,0.48712854724076093,0.15348798708459827,0.04483429250761038,0.24937092699364607,0.07874859822734678,0.02701621232770303,0.03117572491522632,0.4701964215222035,0.3189953496482955
datatype,0.007759380863871946,0.2767824729242859,0.11505512498170148,0.9216435389904637,0.12821869095765612,0.18573339552601714,0.04381562358048621,0.020249517353197476,0.3577501132144267,0.06742017338408715,0.19031287711922035,0.22419465653790183,0.06186560184826824,0.15252088988625406,0.06312875854153968,0.2513869948464398,0.3025765186180576,0.16271131441242884,0.08073775498328768,0.3890633782446272,0.12877347478519377,0.07913315559629576,0.0711894557763681,0.05827030140088565,0.23451590975104136,0.08738405795318765,0.24751714108934222,0.08808984237971061,0.15801488895819177,0.08290344344696937,0.09787333628759232,0.11032777414271587,0.06529781004233497,0.30839313925060136,0.3694713451056173,0.10370698009113336,0.1289835842615915,0.0189599158186835,0.06467474635025965,0.02176465085056995,0.06446344324717743,0.02906661016848623,0.4356493075228329,0.12744246878862842
enumeration,0.0010971212799754243,0.11932708323522276,0.07410407092417673,0.12821869095765612,0.36619175749232585,0.0927453565687558,0.029753119298163086,0.0022139665188633216,0.18861112849964135,0.06096333146768229,0.12363568064358917,0.12577036757291182,0.029407461967678537,0.0602499420665053,0.08445468121494282,0.1463741915023345,0.17311407125944456,0.10920084478197868,0.04847807191469544,0.18741950633358528,0.09735688360286245,0.008535320987809715,0.006893661934766232,0.048340363315409335,0.12736376014370648,0.037239633499429325,0.14565430273222135,0.052169029007563636,0.06773496147222068,0.049765763147433334,0.016084210349418718,0.0476964640937871,0.03721036253647701,0.16900877805464556,0.16891738586089047,0.06618949462860459,0.049916714639621745,0.0018394494291872968,0.038283017300129965,0.03587777786309626,0.06309815583589158,0.004509759189179608,0.19162297150044627,0.08506989585920162
event,0.042694517438133975,0.5478329537189789,0.19208110129231246,0.18573339552601714,0.0927453565687558,1.6573325858267294,0.20587897823248302,0.1277398991578233,0.6335047560542113,0.131055909138788,0.5257972263177625,0.38132378412222206,0.05659353958762176,0.38231898701306205,0.1530908783709265,0.4686692967639995,0.5567277640477959,0.5583904191076324,0.4447588866345238,0.7122195731638268,0.4744965296972217,0.29833700030806076,0.22986917858701808,0.2585257271157387,0.6519970208671061,0.11327568075578462,0.33438486483732244,0.4737708219470453,0.19981199098065883,0.37780275626601323,0.352418694619996,0.346038231022393,0.3476693932890533,0.43061203116865554,0.5867457191101819,0.19105412977256278,0.68940865319728,0.12603523399299787,0.08464716677080389,0.07851161509568154,0.14596936467738475,0.22287661009382737,1.0586369770246542,0.31170598947273553
historicalRole,0.016785695274994825,0.0893720366093941,0.03829327745588289,0.04381562358048621,0.029753119298163086,0.20587897823248302,0.28922977990090715,0.07085120660574554,0.12606860029882927,0.012967234669615104,0.0764925415982984,0.07892003430221492,0.0024151510804120147,0.050872727010616944,0.058760715237904215,0.09749322307960621,0.11940342371382391,0.11037374577520509,0.07515321424968781,0.13306739271386409,0.1074081680354648,0.02805599254992059,0.039582154417271136,0.018175218363152012,0.09617714061200838,0.03197065427043708,0.03190104628519051,0.19096642241789916,0.06126085935685768,0.12700966899098357,0.07632017123795445,0.07981130072777506,0.14855739925223443,0.060887680862638294,0.14767445965772025,0.035176265852212604,0.16537100767983,0.001495970878014799,0.003351258182589266,0.0011932341292268424,0.08947175387130674,0.003667164198599599,0.19215071315426696,0.0550291642445867
historicalRoleMixin,0.04044501337819499,0.06704636689335546,0.027016212327703053,0.020249517353197476,0.0022139665188633216,0.1277398991578233,0.07085120660574554,0.19015930868705347,0.0725651607811374,0.036490014758613486,0.035110793921258876,0.015857089799104353,0.039191962885478604,0.0341254671215492,0.021804518289116535,0.057816654342590826,0.0580326686824499,0.08348484926836147,0.03259949288514368,0.07690328842481518,0.13517024335046468,0.01694548297061587,0.003702080924511797,0.03720349054227865,0.0626089842342934,0.012544422380917766,0.04790785212150385,0.12256326305022613,0.014936490987659683,0.06660145956125126,0.1055341032194267,0.11391686631333434,0.10250087778996855,0.03498753102316226,0.07852664704313474,0.024806837198616625,0.1117748873164157,0.013959695793944665,0.002213966518863384,0.0007884481869790301,0.02491523561559152,0.021454658159500716,0.11039932495600867,0.04557130824680733
kind,0.03153450435734313,0.8066263760772162,0.44576713755029695,0.3577501132144267,0.18861112849964135,0.6335047560542113,0.12606860029882927,0.0725651607811374,2.979230399708304,0.20482135507413557,0.6655295521363995,0.6752257288878459,0.0869893832667909,0.5393554100056661,0.20514366055658986,0.9438612681701749,1.161225355911678,0.5733150035163143,0.24907193882600095,1.3427258040400871,0.3998047151230367,0.32412508326442135,0.23820296482279574,0.1495102686312058,0.8287055542225873,0.13098203433762481,0.8121672053298402,0.2673284869154568,0.4994943782240117,0.2750533135309283,0.18937518895670374,0.2540682444256133,0.19174484638460648,0.8047321176274733,1.107474781617215,0.389131532004483,0.41856864328990767,0.0810769636679345,0.2004702498571722,0.09534738067101275,0.10509512986280924,0.11899202462298065,1.3983299400887703,0.56136921105653
mixin,0.0028315070298051276,0.1877996808885055,0.08709523561567252,0.06742017338408715,0.06096333146768229,0.131055909138788,0.012967234669615104,0.036490014758613486,0.20482135507413557,0.5969944908859061,0.19656895828817428,0.1241066488519172,0.012020374022923459,0.112596586876818,0.08648235601334285,0.20880963075766093,0.23568728000365474,0.15390525969455932,0.04095503076509302,0.26253748224756035,0.1683260997485603,0.0938828636508456,0.07656315949386866,0.021268539278303286,0.21197111647431716,0.05977442720268986,0.17934133837426286,0.02084637559140304,0.11594888303606714,0.03765105734557615,0.037163953519773675,0.02885403423009799,0.04967830184107179,0.16926923146646009,0.24960949904994498,0.11748961990222177,0.054855996487784386,0.004748876780783964,0.0699552873793503,0.07605796968727709,0.005716697898975075,0.013970972569751237,0.2669672711190713,0.17680634510206042
mode,0.015182602323697295,0.5609275249625532,0.2220147547129446,0.19031287711922035,0.12363568064358917,0.5257972263177625,0.0764925415982984,0.035110793921258876,0.6655295521363995,0.19656895828817428,1.6739055073768405,0.3200657868090872,0.07662936763260869,0.3354428756360875,0.12724959282494788,0.49338629438064757,0.6105408164252853,0.44243059557294684,0.14851603004487585,0.7434713288860856,0.4062418492148539,0.2924670855542587,0.1624934638949402,0.10137808542179894,0.8271966809160696,0.10953422341072278,0.44476324403659123,0.22776971441167373,0.20130396826825023,0.3053395708123699,0.11222382632087222,0.23031389530199065,0.19481984055766433,0.4418814314260111,0.6401571601437691,0.26367069217672046,0.294074890639108,0.05405249116123746,0.11463457116040716,0.10503181485428194,0.089820820047867,0.08205006284912773,0.9177258410805117,0.30603710394819345
phase,0.013014070742663957,0.3896813587925785,0.2764027788681026,0.22419465653790183,0.12577036757291182,0.38132378412222206,0.07892003430221492,0.015857089799104353,0.6752257288878459,0.1241066488519172,0.3200657868090872,1.548702647378021,0.07823793656492749,0.2712929550141445,0.11749015925857424,0.49518196680997306,0.6582740689854435,0.32178088289678414,0.11009169651730522,0.719742394924683,0.22253307866903443,0.13688156753476877,0.15674121533098864,0.07463626048210481,0.4124530785618376,0.08615038258158278,0.4148595909248928,0.191078145255858,0.3081651373117183,0.147430370844797,0.09672391741108585,0.12499524077482525,0.10184180210212394,0.4570446071720509,0.6829883509369702,0.2581774890747331,0.2420527554525663,0.04378787749838957,0.10114841150879765,0.07318797592809327,0.10890120444357616,0.041034669342208466,0.7294041369578724,0.28436167951986874
phaseMixin,0.024550406491266035,0.0929161006947103,0.026077941880970994,0.06186560184826824,0.029407461967678537,0.05659353958762176,0.0024151510804120147,0.039191962885478604,0.0869893832667909,0.012020374022923459,0.07662936763260869,0.07823793656492749,0.23894998891507815,0.0647661240006606,0.0038148600821992992,0.05791669912360173,0.07134759199519294,0.09963052973461685,0.026402104645489977,0.0918748221937991,0.09063610673026823,0.02922373295643898,0.031149132757433546,0.025517322485480342,0.07576070295906734,0.002140337763092824,0.07264707139394151,0.03152644361675969,0.02006519336827242,0.04593875163072253,0.051209419770771786,0.10239925703884534,0.0253576858792725,0.0687214833622929,0.07022331133336086,0.01267346156827846,0.039804060286085324,0.012308982722544316,0.0029698429075873042,0.0010574982432102614,0.02333279811472817,0.003249763218400238,0.10429651715898677,0.01768241435512543
quality,0.014817197171902625,0.4328418984323514,0.14034317586984765,0.15252088988625406,0.0602499420665053,0.38231898701306205,0.050872727010616944,0.0341254671215492,0.5393554100056661,0.112596586876818,0.3354428756360875,0.2712929550141445,0.0647661240006606,1.2784381265803333,0.08754119477930646,0.3848964532985076,0.3989150000278264,0.2603164727944152,0.19253921375528027,0.625618387278081,0.21093371494026386,0.1857365777147955,0.06833809666699789,0.13872129865311195,0.7047005465584493,0.07985449626445415,0.2997360155275939,0.14123352963561683,0.11483557235114134,0.18014681695395954,0.15454806131494703,0.18308911325873103,0.17027389392154502,0.31406476712218945,0.4440234091521343,0.1470557994279312,0.3296331165475551,0.06541366598869681,0.028095601081382655,0.027618368244474428,0.03833007041039938,0.12075476691507957,0.6051904429045404,0.16081564696807263
quantity,0.0014090864867219027,0.13647092458356327,0.10420097669017228,0.06312875854153968,0.08445468121494282,0.1530908783709265,0.058760715237904215,0.021804518289116535,0.20514366055658986,0.08648235601334285,0.12724959282494788,0.11749015925857424,0.0038148600821992992,0.08754119477930646,0.3873163242185788,0.16001852134588876,0.21785646700778016,0.11035418205025177,0.08278641315851148,0.1990868598603377,0.09395635944589013,0.026788237422125917,0.05742715166039003,0.007310904765582701,0.1954268271089563,0.027188314904572724,0.16588457660782344,0.05463324660014444,0.10387525683337946,0.051645354891279055,0.02631260176600404,0.05123663918168421,0.0316259748343973,0.1239641755002964,0.20900169677949515,0.07442264229310451,0.09453779596112628,0.0023626279119333266,0.05481418628572858,0.05974200194103818,0.002843746959293743,0.005793627680922363,0.22729041601227165,0.1533895036962074
relator,0.012157623915699977,0.5578787569739743,0.42674414861123433,0.2513869948464398,0.1463741915023345,0.4686692967639995,0.09749322307960621,0.057816654342590826,0.9438612681701749,0.20880963075766093,0.49338629438064757,0.49518196680997306,0.05791669912360173,0.3848964532985076,0.16001852134588876,2.443121173482636,0.8771564054049451,0.5145629600184265,0.17920888363260346,1.0104796083074037,0.3548725719571213,0.2157542883539607,0.20683396379913266,0.08939917411803525,0.6140160295766072,0.1087136889545068,0.6373084388848602,0.2113224128943036,0.5798086479190464,0.19473726544118705,0.15425021245292564,0.20028131998496612,0.13455945928038446,0.8032463160166959,1.4715957535378557,0.37574166324269886,0.2859284714132657,0.0493838584251054,0.19167915168579414,0.0991821125032922,0.07855774061530818,0.08282642634474882,1.060160590358858,0.49198915494458595
role,0.02364515553941654,0.667618647129956,0.41124929962923673,0.3025765186180576,0.17311407125944456,0.5567277640477959,0.11940342371382391,0.0580326686824499,1.161225355911678,0.23568728000365474,0.6105408164252853,0.6582740689854435,0.07134759199519294,0.3989150000278264,0.21785646700778016,0.8771564054049451,2.63801373375595,0.5237908395803156,0.21605245303701576,1.0540861999894882,0.393134985964339,0.32725625309151923,0.2539671708490844,0.11581693460492481,0.6709720410511785,0.10328716208260091,0.603782875345089,0.21916540129824288,0.49119975345591754,0.2627822381006939,0.14591808350461477,0.18360000292289103,0.17625953779554554,0.7049844696630024,1.0922451900347587,0.4441239720024176,0.34893639908632074,0.06278057866094867,0.22288418269861532,0.11445537382079445,0.0904997473300983,0.09323554127502356,1.1762391950074613,0.5064695601862611
roleMixin,0.02246799649745081,0.512561848643158,0.2084880912530368,0.16271131441242884,0.10920084478197868,0.5583904191076324,0.11037374577520509,0.08348484926836147,0.5733150035163143,0.15390525969455932,0.44243059557294684,0.32178088289678414,0.09963052973461685,0.2603164727944152,0.11035418205025177,0.5145629600184265,0.5237908395803156,1.6403152457089236,0.24277883570141068,0.5855432464499052,0.45325123255846794,0.22512323328947875,0.15885903411146293,0.17301752444628937,0.5403607433175285,0.053558512711155096,0.3760173940954005,0.22403467951814998,0.2638135045990837,0.317139297514765,0.2389016015408486,0.3175173350854894,0.2530215168603544,0.39365063871187894,0.61729476795232,0.18181370355659174,0.38030294683034116,0.06875691773432482,0.12140850033509777,0.09973281187742179,0.07781347922981738,0.157821705220907,0.8539222280747769,0.41075964883452615
situation,0.011545646133758355,0.25928379069972984,0.05628273178651576,0.08073775498328768,0.04847807191469544,0.4447588866345238,0.07515321424968781,0.03259949288514368,0.24907193882600095,0.04095503076509302,0.14851603004487585,0.11009169651730522,0.026402104645489977,0.19253921375528027,0.08278641315851148,0.17920888363260346,0.21605245303701576,0.24277883570141068,0.6604744408507118,0.24542734519921902,0.15871882243820698,0.08512546112004812,0.14365088628421782,0.27620615221581846,0.29732217013289547,0.06084207204436852,0.10938963513719671,0.07709224651381162,0.09329191343092082,0.12725779939258258,0.12014867089698163,0.10981795716468737,0.12280548054245528,0.20619432384417632,0.21003256650252203,0.05390397322787335,0.257110228635525,0.0392649480867474,0.009372711891061657,0.003333640849055651,0.0429967868729543,0.21011167112010615,0.37379667828405877,0.15789683441125635
subkind,0.030551137590918112,0.9061228357735559,0.52585392506758,0.3890633782446272,0.18741950633358528,0.7122195731638268,0.13306739271386409,0.07690328842481518,1.3427258040400871,0.26253748224756035,0.7434713288860856,0.719742394924683,0.0918748221937991,0.625618387278081,0.1990868598603377,1.0104796083074037,1.0540861999894882,0.5855432464499052,0.24542734519921902,2.866127583276229,0.4677475183926718,0.33509065429602114,0.253228433802301,0.1857927908827547,0.8636272897310313,0.16997289190598663,0.8320569323421833,0.2918626998783872,0.42597024440791087,0.32429067879527423,0.22743600857505594,0.29271056779838706,0.2468384707358648,0.8055435868206804,1.2049768304382584,0.4756105186571841,0.4520267691760123,0.09059811422555847,0.19723343018337353,0.13148453365159382,0.10914692022439507,0.13145516396089807,1.407738782983873,0.5508498267073599
type,0.023359272845672567,0.4297242937878195,0.19283716938725606,0.12877347478519377,0.09735688360286245,0.4744965296972217,0.1074081680354648,0.13517024335046468,0.3998047151230367,0.1683260997485603,0.4062418492148539,0.22253307866903443,0.09063610673026823,0.21093371494026386,0.09395635944589013,0.3548725719571213,0.393134985964339,0.45325123255846794,0.15871882243820698,0.4677475183926718,0.984272254329007,0.17126489978135534,0.10209840324190919,0.14122035380682374,0.4524643930503667,0.03722906673962614,0.25997248691422487,0.22728100509404636,0.14080587659105995,0.28917886805294124,0.24597635381320918,0.5014577295128031,0.35118971281931244,0.2573377154057062,0.43319087562248504,0.1825037327477467,0.3599277074594871,0.07200733641555941,0.12085339819811487,0.09785573344787983,0.0682981452995564,0.13239747679764827,0.6162834765632278,0.2235391526765859
none_c,0.014745222841978007,0.26421479798819303,0.08205992345861851,0.07913315559629576,0.008535320987809715,0.29833700030806076,0.02805599254992059,0.01694548297061587,0.32412508326442135,0.0938828636508456,0.2924670855542587,0.13688156753476877,0.02922373295643898,0.1857365777147955,0.026788237422125917,0.2157542883539607,0.32725625309151923,0.22512323328947875,0.08512546112004812,0.33509065429602114,0.17126489978135534,0.6704809233163904,0.08678011929154811,0.05785155273878967,0.23894649757830844,0.05041719335366619,0.15688607848940217,0.08280871030556533,0.11947342656096277,0.08981274725332358,0.053014881724913226,0.05994617067288448,0.04516107198193597,0.2137250092804997,0.24687269290990757,0.0927621723230856,0.12303056894395137,0.025076126055078633,0.04769646409378707,0.050562320499526844,0.01990168717267545,0.01698763689463511,0.501739521525129,0.12843622117573233
other_c,0.0018341784189300006,0.1869328773876031,0.0635454687469105,0.0711894557763681,0.006893661934766232,0.22986917858701808,0.039582154417271136,0.003702080924511797,0.23820296482279574,0.07656315949386866,0.1624934638949402,0.15674121533098864,0.031149132757433546,0.06833809666699789,0.05742715166039003,0.20683396379913266,0.2539671708490844,0.15885903411146293,0.14365088628421782,0.253228433802301,0.10209840324190919,0.08678011929154811,0.5679021129079754,0.022728169018603837,0.1508308108033652,0.004966706494944455,0.11095685623052015,0.016403551058412215,0.10978035557198687,0.03650407601627503,0.014289425019891382,0.014289425019891423,0.012904066542557595,0.14517789916010884,0.19917122051921435,0.0729745055521984,0.03952335701723904,0.00307562300754783,0.025130918129933847,0.020950491938549247,0.003702080924511797,0.020867304499711026,0.4030461745883188,0.18417698253304854
bringsAbout,0.01232317315619252,0.19610313387496883,0.03942451075860639,0.05827030140088565,0.048340363315409335,0.2585257271157387,0.018175218363152012,0.03720349054227865,0.1495102686312058,0.021268539278303286,0.10137808542179894,0.07463626048210481,0.025517322485480342,0.13872129865311195,0.007310904765582701,0.08939917411803525,0.11581693460492481,0.17301752444628937,0.27620615221581846,0.1857927908827547,0.14122035380682374,0.05785155273878967,0.022728169018603837,0.407099023494229,0.21354438313521767,0.057672546527096996,0.09366621316651137,0.06749615267224873,0.03804656749586746,0.09303423253279709,0.10940027611990293,0.09643590162744102,0.13325060604614353,0.1286776895194763,0.13066732200958747,0.030962629171709687,0.2549689279094125,0.028925957907686418,0.005690275987507862,0.0020252301020699734,0.06172134647473826,0.18509785362605088,0.24036779779869358,0.053047710604536905
characterization,0.03634589114348104,0.6972087944151932,0.2992858131822097,0.23451590975104136,0.12736376014370648,0.6519970208671061,0.09617714061200838,0.0626089842342934,0.8287055542225873,0.21197111647431716,0.8271966809160696,0.4124530785618376,0.07576070295906734,0.7047005465584493,0.1954268271089563,0.6140160295766072,0.6709720410511785,0.5403607433175285,0.29732217013289547,0.8636272897310313,0.4524643930503667,0.23894649757830844,0.1508308108033652,0.21354438313521767,2.028989516618531,0.12468495382182075,0.5192935794623068,0.2891941694754977,0.2777806415826892,0.39885866610100174,0.2909652308080012,0.3216303654719915,0.32242397255717337,0.5607664184202779,0.7540380855959359,0.30942070310974323,0.49255471765661474,0.07733443180326707,0.1054303994112783,0.09534738067101287,0.08360259927669844,0.20472609899774363,1.0384318358759117,0.3691065750922303
comparative,0.03563571034883463,0.10566401708483582,0.032769122433166584,0.08738405795318765,0.037239633499429325,0.11327568075578462,0.03197065427043708,0.012544422380917766,0.13098203433762481,0.05977442720268986,0.10953422341072278,0.08615038258158278,0.002140337763092824,0.07985449626445415,0.027188314904572724,0.1087136889545068,0.10328716208260091,0.053558512711155096,0.06084207204436852,0.16997289190598663,0.03722906673962614,0.05041719335366619,0.004966706494944455,0.057672546527096996,0.12468495382182075,0.24678216044682896,0.14052010609441687,0.07276214147296106,0.05252226633632841,0.028902383381913362,0.03554507670727017,0.014595830967365404,0.04454310144883225,0.14800359998378526,0.11894435968874956,0.0669069285602385,0.0790543020540265,0.0013257852814850951,0.0029698429075872904,0.0010574982432102545,0.06268847748073099,0.022210534548223027,0.11392778201250153,0.017682414355125416
componentOf,0.035997931070389386,0.49272868078189586,0.3833736193667086,0.24751714108934222,0.14565430273222135,0.33438486483732244,0.03190104628519051,0.04790785212150385,0.8121672053298402,0.17934133837426286,0.44476324403659123,0.4148595909248928,0.07264707139394151,0.2997360155275939,0.16588457660782344,0.6373084388848602,0.603782875345089,0.3760173940954005,0.10938963513719671,0.8320569323421833,0.25997248691422487,0.15688607848940217,0.11095685623052015,0.09366621316651137,0.5192935794623068,0.14052010609441687,1.6447491594287704,0.14309218700597487,0.31851433628385256,0.1330917761027258,0.11789486830583232,0.15393490956084166,0.1122820284422701,0.542258079589825,0.6973852864849358,0.3329144465686259,0.21475058202127034,0.027919025591976836,0.16044606933562905,0.0917794752256153,0.06175085523345687,0.04986794097729065,0.7083422767091928,0.41838089539651885
creation,0.02993307032680238,0.1964439420457323,0.09212331205304183,0.08808984237971061,0.052169029007563636,0.4737708219470453,0.19096642241789916,0.12256326305022613,0.2673284869154568,0.02084637559140304,0.22776971441167373,0.191078145255858,0.03152644361675969,0.14123352963561683,0.05463324660014444,0.2113224128943036,0.21916540129824288,0.22403467951814998,0.07709224651381162,0.2918626998783872,0.22728100509404636,0.08280871030556533,0.016403551058412215,0.06749615267224873,0.2891941694754977,0.07276214147296106,0.14309218700597487,0.6738220330997305,0.0985427413204601,0.19454847193110264,0.18665283753604067,0.204752088219396,0.24144616390830825,0.16932261945313826,0.29104371862986306,0.08666425933495865,0.4541585979312165,0.06827688339926782,0.037932208764489786,0.018764860840040153,0.14414001451784691,0.0301652352474798,0.42731405483636153,0.08586548614436555
derivation,0.007387341387098838,0.27066021847445493,0.22803892728117645,0.15801488895819177,0.06773496147222068,0.19981199098065883,0.06126085935685768,0.014936490987659683,0.4994943782240117,0.11594888303606714,0.20130396826825023,0.3081651373117183,0.02006519336827242,0.11483557235114134,0.10387525683337946,0.5798086479190464,0.49119975345591754,0.2638135045990837,0.09329191343092082,0.42597024440791087,0.14080587659105995,0.11947342656096277,0.10978035557198687,0.03804656749586746,0.2777806415826892,0.05252226633632841,0.31851433628385256,0.0985427413204601,1.2930143053584304,0.06310792237617244,0.05662092307844069,0.05327977260643946,0.04321230487284573,0.6857268359580331,0.662534000902079,0.18974371850531843,0.09969132128285794,0.01240168434489132,0.15468676184807775,0.06428554044571735,0.03300708873394657,0.033063641800274865,0.5106635129146999,0.3395912913336303
externalDependence,0.025982648406531677,0.22906607628334902,0.10369830789363342,0.08290344344696937,0.049765763147433334,0.37780275626601323,0.12700966899098357,0.06660145956125126,0.2750533135309283,0.03765105734557615,0.3053395708123699,0.147430370844797,0.04593875163072253,0.18014681695395954,0.051645354891279055,0.19473726544118705,0.2627822381006939,0.317139297514765,0.12725779939258258,0.32429067879527423,0.28917886805294124,0.08981274725332358,0.03650407601627503,0.09303423253279709,0.39885866610100174,0.028902383381913362,0.1330917761027258,0.19454847193110264,0.06310792237617244,0.7651288190579978,0.17628133853213168,0.2871902615714851,0.26526846690334355,0.1367919291340611,0.30825682080472544,0.0947839795494609,0.3199978496498063,0.07568712817882751,0.022622036377759665,0.015758856057540994,0.10003536926755145,0.09512046096963983,0.45591146353373085,0.12685344815028843
historicalDependence,0.02559167960687362,0.18040787276457348,0.07380605985199995,0.09787333628759232,0.016084210349418718,0.352418694619996,0.07632017123795445,0.1055341032194267,0.18937518895670374,0.037163953519773675,0.11222382632087222,0.09672391741108585,0.051209419770771786,0.15454806131494703,0.02631260176600404,0.15425021245292564,0.14591808350461477,0.2389016015408486,0.12014867089698163,0.22743600857505594,0.24597635381320918,0.053014881724913226,0.014289425019891382,0.10940027611990293,0.2909652308080012,0.03554507670727017,0.11789486830583232,0.18665283753604067,0.05662092307844069,0.17628133853213168,0.5638878846351429,0.24493269235984144,0.25161506449282994,0.12799338878622785,0.20195304439426492,0.0670472806477657,0.38601700983695925,0.07162382066932853,0.039864292562036295,0.021386520572672457,0.04334477119426107,0.11306667452102767,0.320500429167303,0.075162078139693
instantiation,0.02829360622650471,0.2544555807690017,0.1120822826811827,0.11032777414271587,0.0476964640937871,0.346038231022393,0.07981130072777506,0.11391686631333434,0.2540682444256133,0.02885403423009799,0.23031389530199065,0.12499524077482525,0.10239925703884534,0.18308911325873103,0.05123663918168421,0.20028131998496612,0.18360000292289103,0.3175173350854894,0.10981795716468737,0.29271056779838706,0.5014577295128031,0.05994617067288448,0.014289425019891423,0.09643590162744102,0.3216303654719915,0.014595830967365404,0.15393490956084166,0.204752088219396,0.05327977260643946,0.2871902615714851,0.24493269235984144,0.6361960329873276,0.3326309843837753,0.12369781076303223,0.25020434302626965,0.08515927274846984,0.3561942688802003,0.06373356810649257,0.023662104298741004,0.01843031637061287,0.051959106218011336,0.1048255676425649,0.40512563463492984,0.08335715969844901
manifestation,0.037581792710665786,0.20379109115533628,0.05536716764567155,0.06529781004233497,0.03721036253647701,0.3476693932890533,0.14855739925223443,0.10250087778996855,0.19174484638460648,0.04967830184107179,0.19481984055766433,0.10184180210212394,0.0253576858792725,0.17027389392154502,0.0316259748343973,0.13455945928038446,0.17625953779554554,0.2530215168603544,0.12280548054245528,0.2468384707358648,0.35118971281931244,0.04516107198193597,0.012904066542557595,0.13325060604614353,0.32242397255717337,0.04454310144883225,0.1122820284422701,0.24144616390830825,0.04321230487284573,0.26526846690334355,0.25161506449282994,0.3326309843837753,0.560977718978564,0.09624671627528114,0.18357546403199862,0.04604445363519621,0.3659790407997329,0.02670237673518464,0.0077090685204195784,0.0027427533944070354,0.09215893625952824,0.11423252773084042,0.3664289577184187,0.08750775512732513
material,0.013992195362295224,0.5075742235793198,0.3406787385250735,0.30839313925060136,0.16900877805464556,0.43061203116865554,0.060887680862638294,0.03498753102316226,0.8047321176274733,0.16926923146646009,0.4418814314260111,0.4570446071720509,0.0687214833622929,0.31406476712218945,0.1239641755002964,0.8032463160166959,0.7049844696630024,0.39365063871187894,0.20619432384417632,0.8055435868206804,0.2573377154057062,0.2137250092804997,0.14517789916010884,0.1286776895194763,0.5607664184202779,0.14800359998378526,0.542258079589825,0.16932261945313826,0.6857268359580331,0.1367919291340611,0.12799338878622785,0.12369781076303223,0.09624671627528114,1.9409481462708373,0.9688777677773819,0.34068130769347893,0.24973012026694452,0.02879798027464644,0.1774973710795974,0.08315368625450144,0.09274298803683648,0.08532640250973257,0.8495243284048513,0.36441882638608464
mediation,0.023451191138009305,0.6432358197478634,0.5169970750135513,0.3694713451056173,0.16891738586089047,0.5867457191101819,0.14767445965772025,0.07852664704313474,1.107474781617215,0.24960949904994498,0.6401571601437691,0.6829883509369702,0.07022331133336086,0.4440234091521343,0.20900169677949515,1.4715957535378557,1.0922451900347587,0.61729476795232,0.21003256650252203,1.2049768304382584,0.43319087562248504,0.24687269290990757,0.19917122051921435,0.13066732200958747,0.7540380855959359,0.11894435968874956,0.6973852864849358,0.29104371862986306,0.662534000902079,0.30825682080472544,0.20195304439426492,0.25020434302626965,0.18357546403199862,0.9688777677773819,2.629411231989056,0.4750362459051699,0.40879525164242214,0.09928333694583563,0.21631131705593037,0.1314845336515938,0.11025775832010515,0.08997805580410752,1.1724499545171283,0.6245383589759592
memberOf,0.005087398637230216,0.30099860301569364,0.48712854724076093,0.10370698009113336,0.06618949462860459,0.19105412977256278,0.035176265852212604,0.024806837198616625,0.389131532004483,0.11748961990222177,0.26367069217672046,0.2581774890747331,0.01267346156827846,0.1470557994279312,0.07442264229310451,0.37574166324269886,0.4441239720024176,0.18181370355659174,0.05390397322787335,0.4756105186571841,0.1825037327477467,0.0927621723230856,0.0729745055521984,0.030962629171709687,0.30942070310974323,0.0669069285602385,0.3329144465686259,0.08666425933495865,0.18974371850531843,0.0947839795494609,0.0670472806477657,0.08515927274846984,0.04604445363519621,0.34068130769347893,0.4750362459051699,1.067839632378228,0.12726133987677174,0.031563988018845246,0.12841764726256372,0.08231746375102895,0.04167738110762201,0.02539811951227901,0.40711782367267324,0.2826454545204252
participation,0.026305488802353786,0.36610329733766767,0.15348798708459827,0.1289835842615915,0.049916714639621745,0.68940865319728,0.16537100767983,0.1117748873164157,0.41856864328990767,0.054855996487784386,0.294074890639108,0.2420527554525663,0.039804060286085324,0.3296331165475551,0.09453779596112628,0.2859284714132657,0.34893639908632074,0.38030294683034116,0.257110228635525,0.4520267691760123,0.3599277074594871,0.12303056894395137,0.03952335701723904,0.2549689279094125,0.49255471765661474,0.0790543020540265,0.21475058202127034,0.4541585979312165,0.09969132128285794,0.3199978496498063,0.38601700983695925,0.3561942688802003,0.3659790407997329,0.24973012026694452,0.40879525164242214,0.12726133987677174,1.0206533396621822,0.13643252798080918,0.054956546583647,0.048209139066128726,0.1382276061137277,0.17772563209268877,0.6155138803333754,0.1612220975569471
participational,0.0004899062843230842,0.05157804078089397,0.04483429250761038,0.0189599158186835,0.0018394494291872968,0.12603523399299787,0.001495970878014799,0.013959695793944665,0.0810769636679345,0.004748876780783964,0.05405249116123746,0.04378787749838957,0.012308982722544316,0.06541366598869681,0.0023626279119333266,0.0493838584251054,0.06278057866094867,0.06875691773432482,0.0392649480867474,0.09059811422555847,0.07200733641555941,0.025076126055078633,0.00307562300754783,0.028925957907686418,0.07733443180326707,0.0013257852814850951,0.027919025591976836,0.06827688339926782,0.01240168434489132,0.07568712817882751,0.07162382066932853,0.06373356810649257,0.02670237673518464,0.02879798027464644,0.09928333694583563,0.031563988018845246,0.13643252798080918,0.15544415699237007,0.028383004141208194,0.02743839133569318,0.024748071527755062,0.0368353200480335,0.1016553973445426,0.010933665563764988
subCollectionOf,0.0010971212799754451,0.10055303204307417,0.24937092699364607,0.06467474635025965,0.038283017300129965,0.08464716677080389,0.003351258182589266,0.002213966518863384,0.2004702498571722,0.0699552873793503,0.11463457116040716,0.10114841150879765,0.0029698429075873042,0.028095601081382655,0.05481418628572858,0.19167915168579414,0.22288418269861532,0.12140850033509777,0.009372711891061657,0.19723343018337353,0.12085339819811487,0.04769646409378707,0.025130918129933847,0.005690275987507862,0.1054303994112783,0.0029698429075872904,0.16044606933562905,0.037932208764489786,0.15468676184807775,0.022622036377759665,0.039864292562036295,0.023662104298741004,0.0077090685204195784,0.1774973710795974,0.21631131705593037,0.12841764726256372,0.054956546583647,0.028383004141208194,0.3426952428970735,0.081306237629954,0.0022139665188633667,0.004509759189179629,0.16437260930482978,0.1370511996858051
subQuantityOf,0.00039078560829675785,0.07360389322170209,0.07874859822734678,0.02176465085056995,0.03587777786309626,0.07851161509568154,0.0011932341292268424,0.0007884481869790301,0.09534738067101275,0.07605796968727709,0.10503181485428194,0.07318797592809327,0.0010574982432102614,0.027618368244474428,0.05974200194103818,0.0991821125032922,0.11445537382079445,0.09973281187742179,0.003333640849055651,0.13148453365159382,0.09785573344787983,0.050562320499526844,0.020950491938549247,0.0020252301020699734,0.09534738067101287,0.0010574982432102545,0.0917794752256153,0.018764860840040153,0.06428554044571735,0.015758856057540994,0.021386520572672457,0.01843031637061287,0.0027427533944070354,0.08315368625450144,0.1314845336515938,0.08231746375102895,0.048209139066128726,0.02743839133569318,0.081306237629954,0.13148453365159318,0.0007884481869790058,0.0016054033127384515,0.10232988823465104,0.07694378971636512
termination,0.000589610056679124,0.0767596492410388,0.02701621232770303,0.06446344324717743,0.06309815583589158,0.14596936467738475,0.08947175387130674,0.02491523561559152,0.10509512986280924,0.005716697898975075,0.089820820047867,0.10890120444357616,0.02333279811472817,0.03833007041039938,0.002843746959293743,0.07855774061530818,0.0904997473300983,0.07781347922981738,0.0429967868729543,0.10914692022439507,0.0682981452995564,0.01990168717267545,0.003702080924511797,0.06172134647473826,0.08360259927669844,0.06268847748073099,0.06175085523345687,0.14414001451784691,0.03300708873394657,0.10003536926755145,0.04334477119426107,0.051959106218011336,0.09215893625952824,0.09274298803683648,0.11025775832010515,0.04167738110762201,0.1382276061137277,0.024748071527755062,0.0022139665188633667,0.0007884481869790058,0.2009476844208639,0.013622486627749904,0.13728093154319299,0.013167080498197134
triggers,0.001200472973389266,0.14718056522340098,0.03117572491522632,0.02906661016848623,0.004509759189179608,0.22287661009382737,0.003667164198599599,0.021454658159500716,0.11899202462298065,0.013970972569751237,0.08205006284912773,0.041034669342208466,0.003249763218400238,0.12075476691507957,0.005793627680922363,0.08282642634474882,0.09323554127502356,0.157821705220907,0.21011167112010615,0.13145516396089807,0.13239747679764827,0.01698763689463511,0.020867304499711026,0.18509785362605088,0.20472609899774363,0.022210534548223027,0.04986794097729065,0.0301652352474798,0.033063641800274865,0.09512046096963983,0.11306667452102767,0.1048255676425649,0.11423252773084042,0.08532640250973257,0.08997805580410752,0.02539811951227901,0.17772563209268877,0.0368353200480335,0.004509759189179629,0.0016054033127384515,0.013622486627749904,0.32430375826058794,0.2012534674307296,0.049887922470945534
none_r,0.037811932959288766,1.040925411558623,0.4701964215222035,0.4356493075228329,0.19162297150044627,1.0586369770246542,0.19215071315426696,0.11039932495600867,1.3983299400887703,0.2669672711190713,0.9177258410805117,0.7294041369578724,0.10429651715898677,0.6051904429045404,0.22729041601227165,1.060160590358858,1.1762391950074613,0.8539222280747769,0.37379667828405877,1.407738782983873,0.6162834765632278,0.501739521525129,0.4030461745883188,0.24036779779869358,1.0384318358759117,0.11392778201250153,0.7083422767091928,0.42731405483636153,0.5106635129146999,0.45591146353373085,0.320500429167303,0.40512563463492984,0.3664289577184187,0.8495243284048513,1.1724499545171283,0.40711782367267324,0.6155138803333754,0.1016553973445426,0.16437260930482978,0.10232988823465104,0.13728093154319299,0.2012534674307296,3.1624069565591464,0.5738933566217498
other_r,0.006514182327584252,0.36834771128354893,0.3189953496482955,0.12744246878862842,0.08506989585920162,0.31170598947273553,0.0550291642445867,0.04557130824680733,0.56136921105653,0.17680634510206042,0.30603710394819345,0.28436167951986874,0.01768241435512543,0.16081564696807263,0.1533895036962074,0.49198915494458595,0.5064695601862611,0.41075964883452615,0.15789683441125635,0.5508498267073599,0.2235391526765859,0.12843622117573233,0.18417698253304854,0.053047710604536905,0.3691065750922303,0.017682414355125416,0.41838089539651885,0.08586548614436555,0.3395912913336303,0.12685344815028843,0.075162078139693,0.08335715969844901,0.08750775512732513,0.36441882638608464,0.6245383589759592,0.2826454545204252,0.1612220975569471,0.010933665563764988,0.1370511996858051,0.07694378971636512,0.013167080498197134,0.049887922470945534,0.5738933566217498,1.3940333517673897
