Stereotype,category,collective,datatype,event,kind,mixin,mode,phase,quality,relator,role,roleMixin,situation,subkind,type,characterization,componentOf,derivation,externalDependence,instantiation,material,mediation,memberOf,participation
category,1.0,-0.03077023905729894,0.09067879518535843,0.17872167444471446,-0.11247320293685127,0.12374185816973056,0.32572355602395414,0.07264410106985834,0.2636162070091081,-0.07006234839848587,-0.04520954274793883,0.20488261174506836,0.20586399429140276,0.17531205971310312,0.19120444499264716,0.32781548424909107,0.08447116581971875,-0.059580590276553366,0.1782072751809829,0.19688798436007146,-0.013134040459920513,-0.04685815926359689,-0.09353433913372829,0.15364171277994917
collective,-0.03077023905729894,1.0,0.04899064245196553,-0.18270458046124896,0.13940300707146455,0.011828743023548749,0.037089628808385636,0.2677944647065337,-0.15455443124359694,0.17320066060502512,0.15455443124359694,-0.10160731599013641,-0.2850438562747845,0.14287283221764732,-0.01742537588393307,-0.009924124968126571,0.2560728744939271,0.07753036437246963,-0.08610324250599893,-0.06139106381413452,0.12073416687261009,0.23501542202465764,0.6680761043708041,-0.057348552921311455
datatype,0.09067879518535843,0.04899064245196553,1.0,0.06651986518407979,0.11025309741262973,0.056474006656162354,0.006456666344444482,0.12736780362017705,0.19271719615922514,-0.1106188529052153,-0.07802315633976727,-0.1124733226255107,0.15710041851623346,0.013825961417013541,0.0826898230594723,0.08587661241559162,0.08429272304235245,0.08429272304235245,-0.004018933586842313,0.05234713688658378,0.05793654595023211,-0.03760908350406823,0.047994611904416305,0.09599458703151435
event,0.17872167444471446,-0.18270458046124896,0.06651986518407979,1.0,-0.31936984067746604,-0.035916426326717966,0.2390220825663958,-0.04999439286771012,0.2026409347004933,-0.19937414344426574,-0.23607327746252754,0.24900017072080058,0.5800502851764952,-0.04769011829261389,0.31936984067746604,0.23134696031858548,-0.15183380652124484,-0.09009225864123656,0.3821970323810846,0.3612342675860519,-0.1308821025854322,-0.21048441257228073,-0.0550427155311031,0.6251037429176369
kind,-0.11247320293685127,0.13940300707146455,0.11025309741262973,-0.31936984067746604,1.0,-0.016556654463313048,-0.057839231404084444,0.25671801540513517,-0.01887128390240993,0.17019803510362014,0.4592012416253083,-0.16643594042796062,-0.2483498169496957,0.3529834711129817,-0.2777777777777778,-0.10050378152592121,0.18006221746730838,0.3020398486548399,-0.2916151060537505,-0.24771684715343115,0.35032452487268534,0.24257129990966503,0.10783711211394026,-0.2930426312669155
mixin,0.12374185816973056,0.011828743023548749,0.056474006656162354,-0.035916426326717966,-0.016556654463313048,1.0,0.09078277120044173,0.18779002337519682,0.18184318022744672,0.00033814920690545554,0.18559252414966212,0.12115236220091141,-0.027549342105263157,-0.07689770213787474,0.07450494508490872,0.10067238617034946,0.011828743023548749,-0.030581628304784572,-0.034601888921702746,0.07109027887971865,0.07926942881399869,0.07470074703297067,-0.042219974414353385,-0.005598237217968895
mode,0.32572355602395414,0.037089628808385636,0.006456666344444482,0.2390220825663958,-0.057839231404084444,0.09078277120044173,1.0,0.04798724085779642,0.22266611353082696,0.006142733087012354,-0.03012541536005306,0.20992467565814826,0.0063203195139548045,0.05630598609358342,0.2197890793355209,0.5754930861896671,0.037089628808385636,-0.08143592412275975,0.32187464453275133,0.1681122906636509,-0.09185667238155525,0.05766386532007986,0.13912659920160134,0.1282936214779321
phase,0.07264410106985834,0.2677944647065337,0.12736780362017705,-0.04999439286771012,0.25671801540513517,0.18779002337519682,0.04798724085779642,1.0,0.07993587610096359,0.09652159215300124,0.21140066406866403,-0.0614788115432846,-0.06781306399659885,0.293963983572295,-0.011669000700233415,0.03166502481905618,0.17812296969090624,0.11834197301382127,-0.12250284756263483,-0.0568486252368957,0.10628636527725589,0.16431427900656495,0.18986301051833895,-0.0899595397655802
quality,0.2636162070091081,-0.15455443124359694,0.19271719615922514,0.2026409347004933,-0.01887128390240993,0.18184318022744672,0.22266611353082696,0.07993587610096359,1.0,0.12179355828755854,0.04700854700854701,0.07668030335977541,0.2737021063217239,0.09886699292301031,0.28306925853614895,0.5418055110121051,-0.025649458802128853,-0.0901019450228629,0.2558965427305844,0.3064548467249943,-0.07933288280219176,0.022659277742500972,-0.21403672159751166,0.27650453450735957
relator,-0.07006234839848587,0.17320066060502512,-0.1106188529052153,-0.19937414344426574,0.17019803510362014,0.00033814920690545554,0.006142733087012354,0.09652159215300124,0.12179355828755854,1.0,0.21814922148974095,0.12401395900670428,-0.14878565103840044,0.16189195643280152,-0.1225425852746065,0.13137059432597994,0.03369108740536105,0.3475876271046052,0.010588227852134856,-0.10118620955418667,0.2925577713033873,0.7545275588871418,0.11478597761953907,-0.04235562243670689
role,-0.04520954274793883,0.15455443124359694,-0.07802315633976727,-0.23607327746252754,0.4592012416253083,0.18559252414966212,-0.03012541536005306,0.21140066406866403,0.04700854700854701,0.21814922148974095,1.0,0.018845159300283788,-0.22777264327458532,0.07292317208505725,-0.15097027121927944,-0.13908659559237238,-0.006576784308238167,0.21900691746433096,-0.12106933204457754,-0.2555521772689783,0.20273958938337894,0.21285988182349397,0.03806693370693999,-0.31819291047923837
roleMixin,0.20488261174506836,-0.10160731599013641,-0.1124733226255107,0.24900017072080058,-0.16643594042796062,0.12115236220091141,0.20992467565814826,-0.0614788115432846,0.07668030335977541,0.12401395900670428,0.018845159300283788,1.0,0.12115236220091141,-0.02068481375357841,0.2467843254621485,0.121706556355509,-0.04280308193285274,-0.10160731599013641,0.30822663237388653,0.2502172968684897,-0.14610157473530716,0.13698834862950762,-0.1033191524827317,0.1909514351684359
situation,0.20586399429140276,-0.2850438562747845,0.15710041851623346,0.5800502851764952,-0.2483498169496957,-0.027549342105263157,0.0063203195139548045,-0.06781306399659885,0.2737021063217239,-0.14878565103840044,-0.22777264327458532,0.12115236220091141,1.0,-0.1221135509949451,0.13245323570650439,0.2229768553194517,-0.11540237096145121,0.011828743023548749,0.1428333786884241,0.20506811215303458,-0.001933400702780456,-0.19096884523751373,-0.13485185857718843,0.48816628540688767
subkind,0.17531205971310312,0.14287283221764732,0.013825961417013541,-0.04769011829261389,0.3529834711129817,-0.07689770213787474,0.05630598609358342,0.293963983572295,0.09886699292301031,0.16189195643280152,0.07292317208505725,-0.02068481375357841,-0.1221135509949451,1.0,-0.04954153980533076,-0.01804928133731601,0.2697749853052253,-0.01575485914182516,-0.10714903860094911,-0.04090758014567582,0.13739862978396283,0.18972400327329053,0.05538828956633389,-0.1356854351200465
type,0.19120444499264716,-0.01742537588393307,0.0826898230594723,0.31936984067746604,-0.2777777777777778,0.07450494508490872,0.2197890793355209,-0.011669000700233415,0.28306925853614895,-0.1225425852746065,-0.15097027121927944,0.2467843254621485,0.13245323570650439,-0.04954153980533076,1.0,0.25684299723290976,0.06389304490775459,-0.18006221746730838,0.5184268552066676,0.8257228238447705,-0.19462473604038075,-0.1152213674570909,-0.0190300786083424,0.3982374219781159
characterization,0.32781548424909107,-0.009924124968126571,0.08587661241559162,0.23134696031858548,-0.10050378152592121,0.10067238617034946,0.5754930861896671,0.03166502481905618,0.5418055110121051,0.13137059432597994,-0.13908659559237238,0.121706556355509,0.2229768553194517,-0.01804928133731601,0.25684299723290976,1.0,0.16170485977476826,-0.06713378654909151,0.35984227893194837,0.283082197229101,-0.06650577463184454,0.1718742971605868,0.09180455341794966,0.30433622343652206
componentOf,0.08447116581971875,0.2560728744939271,0.08429272304235245,-0.15183380652124484,0.18006221746730838,0.011828743023548749,0.037089628808385636,0.17812296969090624,-0.025649458802128853,0.03369108740536105,-0.006576784308238167,-0.04280308193285274,-0.11540237096145121,0.2697749853052253,0.06389304490775459,0.16170485977476826,1.0,-0.10101214574898786,-0.044604302675238794,0.12661906911665244,0.09224632974536501,0.07967699110008628,0.21311229801901233,-0.057348552921311455
derivation,-0.059580590276553366,0.07753036437246963,0.08429272304235245,-0.09009225864123656,0.3020398486548399,-0.030581628304784572,-0.08143592412275975,0.11834197301382127,-0.0901019450228629,0.3475876271046052,0.21900691746433096,-0.10160731599013641,0.011828743023548749,-0.01575485914182516,-0.18006221746730838,-0.06713378654909151,-0.10101214574898786,1.0,-0.12760218233675907,-0.155396130279528,0.5765395609085313,0.4214215391341433,0.1156200538007712,-0.09584278707397256
externalDependence,0.1782072751809829,-0.08610324250599893,-0.004018933586842313,0.3821970323810846,-0.2916151060537505,-0.034601888921702746,0.32187464453275133,-0.12250284756263483,0.2558965427305844,0.010588227852134856,-0.12106933204457754,0.30822663237388653,0.1428333786884241,-0.10714903860094911,0.5184268552066676,0.35984227893194837,-0.044604302675238794,-0.12760218233675907,1.0,0.5872679791311741,-0.2591835095543513,-0.0005894787945729424,0.03761299576517352,0.4152268510278213
instantiation,0.19688798436007146,-0.06139106381413452,0.05234713688658378,0.3612342675860519,-0.24771684715343115,0.07109027887971865,0.1681122906636509,-0.0568486252368957,0.3064548467249943,-0.10118620955418667,-0.2555521772689783,0.2502172968684897,0.20506811215303458,-0.04090758014567582,0.8257228238447705,0.283082197229101,0.12661906911665244,-0.155396130279528,0.5872679791311741,1.0,-0.18641906049463525,-0.07410976373568898,-0.045045568039876215,0.5199295558440178
material,-0.013134040459920513,0.12073416687261009,0.05793654595023211,-0.1308821025854322,0.35032452487268534,0.07926942881399869,-0.09185667238155525,0.10628636527725589,-0.07933288280219176,0.2925577713033873,0.20273958938337894,-0.14610157473530716,-0.001933400702780456,0.13739862978396283,-0.19462473604038075,-0.06650577463184454,0.09224632974536501,0.5765395609085313,-0.2591835095543513,-0.18641906049463525,1.0,0.3852366617616672,0.12148214805202381,-0.1263507945427984
mediation,-0.04685815926359689,0.23501542202465764,-0.03760908350406823,-0.21048441257228073,0.24257129990966503,0.07470074703297067,0.05766386532007986,0.16431427900656495,0.022659277742500972,0.7545275588871418,0.21285988182349397,0.13698834862950762,-0.19096884523751373,0.18972400327329053,-0.1152213674570909,0.1718742971605868,0.07967699110008628,0.4214215391341433,-0.0005894787945729424,-0.07410976373568898,0.3852366617616672,1.0,0.21626666991839877,-0.03280787630555277
memberOf,-0.09353433913372829,0.6680761043708041,0.047994611904416305,-0.0550427155311031,0.10783711211394026,-0.042219974414353385,0.13912659920160134,0.18986301051833895,-0.21403672159751166,0.11478597761953907,0.03806693370693999,-0.1033191524827317,-0.13485185857718843,0.05538828956633389,-0.0190300786083424,0.09180455341794966,0.21311229801901233,0.1156200538007712,0.03761299576517352,-0.045045568039876215,0.12148214805202381,0.21626666991839877,1.0,0.033459745851629384
participation,0.15364171277994917,-0.057348552921311455,0.09599458703151435,0.6251037429176369,-0.2930426312669155,-0.005598237217968895,0.1282936214779321,-0.0899595397655802,0.27650453450735957,-0.04235562243670689,-0.31819291047923837,0.1909514351684359,0.48816628540688767,-0.1356854351200465,0.3982374219781159,0.30433622343652206,-0.057348552921311455,-0.09584278707397256,0.4152268510278213,0.5199295558440178,-0.1263507945427984,-0.03280787630555277,0.033459745851629384,1.0
