abstract,abstractNature,aggregationKind,AggregationKind,attribute,begin,bringsAbout,cardinality,Cardinality,cardinalityValue,categorizer,category,characterization,Class,Classifier,ClassStereotype,ClassView,collective,collectiveNature,comparative,componentOf,composite,ConnectorView,containsModelElement,containsView,creation,datatype,DecoratableElement,derivation,description,diagram,Diagram,DiagramElement,ElementView,end,enumeration,event,eventNature,externalDependence,extrinsicModeNature,functionalComplexNature,general,generalization,Generalization,GeneralizationSet,GeneralizationSetView,GeneralizationView,height,historicalDependence,historicalRole,historicalRoleMixin,instantiation,intrinsicModeNature,isAbstract,isComplete,isDerived,isDisjoint,isExtensional,isOrdered,isPowertype,isReadOnly,isViewOf,kind,literal,Literal,lowerBound,manifestation,material,mediation,memberOf,mixin,mode,model.1,ModelElement,name,NodeView,none,Note,NoteView,OntologicalNature,OntoumlElement,order,owner,Package,PackageView,participation,participational,Path,phase,phaseMixin,point,Point,project,Project,property,Property,PropertyStereotype,propertyType,quality,qualityNature,quantity,quantityNature,Rectangle,RectangularShape,redefinesProperty,Relation,relationEnd,RelationStereotype,RelationView,relator,relatorNature,restrictedTo,role,roleMixin,shape,Shape,shared,situation,situationNature,sourceEnd,sourceView,specific,stereotype,Stereotype,subCollectionOf,subkind,subQuantityOf,subsetsProperty,targetEnd,targetView,termination,text,Text,topLeftPosition,triggers,type,typeNature,upperBound,width,xCoordinate,yCoordinate
1.0,,0.12505920158162218,,0.5463972304611893,,0.11041161116641551,0.04952897159161423,0.04952897159161423,0.04952897159161423,0.06254829030933202,0.14695010752405374,0.12766004627222277,0.1486072866214454,,,0.18461633468245958,0.23397850523119126,,0.23269875349390606,0.29457799243023935,0.10797387977579673,,0.09618298590749595,0.11610120595783213,0.03523417147186064,0.856708087512431,,0.025102292850249047,0.15138236779825817,0.21592450225477394,0.21592450225477394,,,,0.526256900794727,0.07022587219805303,,-0.05164708743330791,,,0.05531748379684512,-0.06129614394268846,0.05531748379684512,-0.06587932185659326,,0.11867737951539485,0.17552123316497395,0.22036132797744304,0.005917588663466162,0.136410392027636,0.10760897408084749,,0.1486072866214454,-0.06587932185659326,0.1188220884137768,-0.06587932185659326,0.1486072866214454,0.12505920158162218,0.1486072866214454,0.12505920158162218,0.15712558989047953,0.16283594415388516,0.45692134757987296,0.45692134757987296,0.07536949369541021,-0.005159348309427302,0.10913026734592671,0.08490548999523839,0.19400028847028566,0.1433753012966151,0.1441060757499186,,,0.19243913299241558,,0.12085159477066709,,,,,0.1486072866214454,,0.2327807737414347,0.08839012858543552,0.08814217311172366,0.07470005070116288,0.13301190173780117,0.031454567044447164,0.16048122988419897,0.12843995424340618,0.13944177484875125,0.1553918303274154,,,0.12505920158162218,,0.12011718694977756,0.1431527268172181,,0.29449694844822943,,0.1850578879493316,,0.1414292135954785,0.05434589485667514,0.05434589485667514,,,0.0022168289012943518,,0.2059266701871701,-0.02430022124690435,-0.0027837382549976415,0.15712558989047953,,0.22857558458615024,0.1499198103911664,,0.05434589485667514,0.11867737951539485,0.05531748379684512,0.17384951021522627,,0.17178779588024917,0.1382629790862889,0.12486332501512128,0.1414292135954785,0.05434589485667514,0.11867737951539485,0.1720938502171259,,0.03401923562703218,0.17552123316497395,0.006011709326547703,0.17379529782292166,,0.07536949369541021,0.17552123316497395,0.13944177484875125,0.13944177484875125
,,,,,,,,,,,,,,,,,,,,,,,,,,,,,,,,,,,,,,,,,,,,,,,,,,,,,,,,,,,,,,,,,,,,,,,,,,,,,,,,,,,,,,,,,,,,,,,,,,,,,,,,,,,,,,,,,,,,,,,,,,,,,,,,,,,,,,,,,,,,
0.12505920158162218,,1.0,,0.35239106100010886,,0.20958113096726344,0.9152733600416956,0.9152733600416956,0.9152733600416956,-0.00021473778791798455,0.4232685573264421,0.4265408684248047,0.8394229587705127,,,0.4101860291170209,0.14481465205164357,,0.23054545146087999,0.4106136090714765,0.49058459889105677,,0.9040003264621655,0.9082949543266625,0.24970634772417216,0.08348975361248633,,0.2833511601966553,0.2579451592129116,0.7102202918116073,0.7102202918116073,,,,0.08363097273677556,0.37774841550694427,,0.15738781963270132,,,0.6506126988350157,0.3582166561077209,0.6506126988350157,0.3536925730147041,,0.3011676266045236,0.4089128908730656,0.18557090945599589,0.16871973011272284,0.00844496723877885,0.23292724789646083,,0.8394229587705127,0.3536925730147041,0.9876486347215999,0.3536925730147041,0.8394229587705127,1.0,0.8394229587705127,1.0,0.37976944939739615,0.43766660802268964,0.17994736573163078,0.17994736573163078,0.8251330200559072,0.19122455335071264,0.3933307774726975,0.4468774157876077,0.25238511971310645,0.23551633562116575,0.37846832934211705,,,0.9017653284984367,,0.9947439749398947,,,,,0.8394229587705127,,0.4131319155422943,0.14822159253429085,0.3274259317083744,0.03523304632718819,0.45053774052190587,0.23404732704980719,-0.035472082123826174,0.43944166897554227,0.44072455083122336,0.9325456212128281,,,1.0,,0.9907775582439234,0.254286433848943,,0.13722340256353902,,0.410522312603894,,0.13330576190421756,0.9830870393681173,0.9830870393681173,,,0.43206761790100295,,0.7978147090101536,0.2732796712653646,0.4542713519738048,0.37976944939739615,,0.24865767837404795,0.20232470569250235,,0.9830870393681173,0.3011676266045236,0.6506126988350157,0.8576996697071618,,0.18733056115696767,0.40334941867685603,0.30567388229041836,0.13330576190421756,0.9830870393681173,0.3011676266045236,0.09072523255480361,,0.29105986062984623,0.4089128908730656,0.07837750963460989,0.33248211538789657,,0.8251330200559072,0.4089128908730656,0.44072455083122336,0.44072455083122336
,,,,,,,,,,,,,,,,,,,,,,,,,,,,,,,,,,,,,,,,,,,,,,,,,,,,,,,,,,,,,,,,,,,,,,,,,,,,,,,,,,,,,,,,,,,,,,,,,,,,,,,,,,,,,,,,,,,,,,,,,,,,,,,,,,,,,,,,,,,,
0.5463972304611893,,0.35239106100010886,,1.0,,-0.05729181905450035,0.24101298271956847,0.24101298271956847,0.24101298271956847,0.15764523430959848,-0.026463716986110223,-0.04952811371432891,0.3185965984167792,,,0.2919198483047646,0.21381608575066813,,0.20865640118922812,0.2612457528253857,0.14637947149171418,,0.3003498023951097,0.31697005657228483,0.09004711424544612,0.49255214760871674,,0.1967634773665031,0.24598186447465853,0.3813607567727471,0.3813607567727471,,,,0.3402999695171481,0.090905035690275,,0.054662033153206925,,,0.23506431838960096,0.16945181419785108,0.23506431838960096,0.1669301958109807,,0.2702877722366387,0.29142310894013174,0.11831740278080027,0.18454631417671047,0.1259199854320418,0.12447942378756262,,0.3185965984167792,0.1669301958109807,0.32206275188781025,0.1669301958109807,0.3185965984167792,0.35239106100010886,0.3185965984167792,0.35239106100010886,0.28671850243656105,0.27798890082265587,0.2807852747253663,0.2807852747253663,0.28125582436119506,-0.0947757756921561,0.17161916435368452,0.30243540612780784,0.1920853743518212,0.12211697452849206,0.11208338259717864,,,0.39227536758785575,,0.3527924634213979,,,,,0.3185965984167792,,0.24953669440446993,0.1589851487034992,0.07776188373767992,0.08172307028749173,0.25817427847762503,0.2044224968518845,0.17819269264952758,0.26811205969147156,0.27375111956048226,0.3531710473181562,,,0.35239106100010886,,0.27709603931254334,0.06556000281793097,,0.2714270544118575,,0.29248556521066915,,0.09470096073582168,0.2253398307254359,0.2253398307254359,,,0.27468526209723715,,0.3407036783568066,0.13847246483001197,0.07842106601830347,0.28671850243656105,,0.1371195753311308,0.039267194750245274,,0.2253398307254359,0.2702877722366387,0.23506431838960096,0.3027174290340184,,0.20598320811437368,0.3084214112978888,0.2309681737013892,0.09470096073582168,0.2253398307254359,0.2702877722366387,0.13895734122499395,,0.2042807765245087,0.29142310894013174,-0.1325269851908378,0.21800926814476682,,0.28125582436119506,0.29142310894013174,0.27375111956048226,0.27375111956048226
,,,,,,,,,,,,,,,,,,,,,,,,,,,,,,,,,,,,,,,,,,,,,,,,,,,,,,,,,,,,,,,,,,,,,,,,,,,,,,,,,,,,,,,,,,,,,,,,,,,,,,,,,,,,,,,,,,,,,,,,,,,,,,,,,,,,,,,,,,,,
0.11041161116641551,,0.20958113096726344,,-0.05729181905450035,,1.0,0.2311891214672344,0.2311891214672344,0.2311891214672344,-0.042941834012303906,0.2578642743422778,0.2753960972024054,0.17367792899961196,,,0.1843666140012891,-0.08595313567247372,,0.31052244796142886,0.037158671330160126,-0.006966327746361529,,0.20736890360845833,0.18081563357883762,0.17834707084263074,0.08685893190889245,,-0.008848238966486668,-0.07797372813268037,0.24626160332324534,0.24626160332324534,,,,0.03323874175121796,0.40311025435787046,,0.20391418815228005,,,0.14256799020638022,0.3035359313480533,0.14256799020638022,0.3163593091994428,,0.12103434119484462,0.18656710216049507,0.37736142222445146,-0.06123708901053641,0.12024847950656137,0.2792971395447729,,0.17367792899961196,0.3163593091994428,0.21119874193367177,0.3163593091994428,0.17367792899961196,0.20958113096726344,0.17367792899961196,0.20958113096726344,0.17415905943750723,-0.14874188866103005,0.15143188617634037,0.15143188617634037,0.24872920964721512,0.3688230886047048,0.1269845161168218,-0.095736169511561,-0.06209853927433442,-0.09107358298499717,0.02278878512229226,,,0.226492719989582,,0.2190765195544044,,,,,0.17367792899961196,,0.3166300998784523,-0.06123817004977124,0.4747310981824541,0.0780343830128025,0.19040071955125965,-0.023483547235180237,0.025477273793396416,0.17807636535446858,0.18276548162508727,0.21290648415019922,,,0.20958113096726344,,0.2229408205233026,0.2635279471474364,,-0.023951943093862272,,0.18360033002835302,,-0.030238728724592046,0.20970093184148708,0.20970093184148708,,,-0.038450478317546485,,0.22718282971444523,-0.22207989927693375,0.2073074956824091,0.17415905943750723,,0.12611640130149573,0.7126376918265018,,0.20970093184148708,0.12103434119484462,0.14256799020638022,0.23688722643991622,,-0.0756317360462962,0.07016050500232494,-0.06123817004977124,-0.030238728724592046,0.20970093184148708,0.12103434119484462,0.3258517982676289,,0.2600781433643376,0.18656710216049507,0.7153966492032395,0.17680073640552108,,0.24872920964721512,0.18656710216049507,0.18276548162508727,0.18276548162508727
0.04952897159161423,,0.9152733600416956,,0.24101298271956847,,0.2311891214672344,1.0,1.0,1.0,-0.021919483916607887,0.41190081471464157,0.4495964987725821,0.7450029391994726,,,0.4994641245497325,0.1711857031133675,,0.19829768138919193,0.4408786974337468,0.5363859489457945,,0.8251385223993556,0.8273371452424273,0.2511396042912078,0.006928471046298603,,0.2870823602265641,0.22271078074599762,0.7298329403322197,0.7298329403322197,,,,-0.0020369853844297422,0.4127201022732857,,0.19133423618345136,,,0.5913259320223949,0.39116494783829125,0.5913259320223949,0.38206921978834507,,0.40042057165456313,0.49907940778670795,0.20864445879007623,0.1703015315984743,0.010746862088935041,0.2480735112942125,,0.7450029391994726,0.38206921978834507,0.9031093146729674,0.38206921978834507,0.7450029391994726,0.9152733600416956,0.7450029391994726,0.9152733600416956,0.47501261710414555,0.31217265083174023,0.09236037784575551,0.09236037784575551,0.8758785347918521,0.24703523352678647,0.4394403055719062,0.46066456434584174,0.28573745962465064,0.2046808593719852,0.3340465201093171,,,0.7966978827520789,,0.9096191077351737,,,,,0.7450029391994726,,0.46433105004561154,0.1648851109409376,0.3630722794511772,0.03656882812716161,0.5554288409803507,0.22631396229194345,-0.05556207885647113,0.5431448881035145,0.5418992903903636,0.8668863084530504,,,0.9152733600416956,,0.9211062647287184,0.13490986275881495,,0.17574483975385413,,0.4996866241852442,,0.1385390711408257,0.9275997840174436,0.9275997840174436,,,0.4704055129591142,,0.7070199870676902,0.22414395575766458,0.4599590881811061,0.47501261710414555,,0.2496020894006296,0.2217450028720324,,0.9275997840174436,0.40042057165456313,0.5913259320223949,0.7884897506184526,,0.17877859762847106,0.3230326215286103,0.30568630995245694,0.1385390711408257,0.9275997840174436,0.40042057165456313,0.05106174380465332,,0.3538353914946318,0.49907940778670795,0.1290201890838356,0.3589040881965955,,0.8758785347918521,0.49907940778670795,0.5418992903903636,0.5418992903903636
0.04952897159161423,,0.9152733600416956,,0.24101298271956847,,0.2311891214672344,1.0,1.0,1.0,-0.021919483916607887,0.41190081471464157,0.4495964987725821,0.7450029391994726,,,0.4994641245497325,0.1711857031133675,,0.19829768138919193,0.4408786974337468,0.5363859489457945,,0.8251385223993556,0.8273371452424273,0.2511396042912078,0.006928471046298603,,0.2870823602265641,0.22271078074599762,0.7298329403322197,0.7298329403322197,,,,-0.0020369853844297422,0.4127201022732857,,0.19133423618345136,,,0.5913259320223949,0.39116494783829125,0.5913259320223949,0.38206921978834507,,0.40042057165456313,0.49907940778670795,0.20864445879007623,0.1703015315984743,0.010746862088935041,0.2480735112942125,,0.7450029391994726,0.38206921978834507,0.9031093146729674,0.38206921978834507,0.7450029391994726,0.9152733600416956,0.7450029391994726,0.9152733600416956,0.47501261710414555,0.31217265083174023,0.09236037784575551,0.09236037784575551,0.8758785347918521,0.24703523352678647,0.4394403055719062,0.46066456434584174,0.28573745962465064,0.2046808593719852,0.3340465201093171,,,0.7966978827520789,,0.9096191077351737,,,,,0.7450029391994726,,0.46433105004561154,0.1648851109409376,0.3630722794511772,0.03656882812716161,0.5554288409803507,0.22631396229194345,-0.05556207885647113,0.5431448881035145,0.5418992903903636,0.8668863084530504,,,0.9152733600416956,,0.9211062647287184,0.13490986275881495,,0.17574483975385413,,0.4996866241852442,,0.1385390711408257,0.9275997840174436,0.9275997840174436,,,0.4704055129591142,,0.7070199870676902,0.22414395575766458,0.4599590881811061,0.47501261710414555,,0.2496020894006296,0.2217450028720324,,0.9275997840174436,0.40042057165456313,0.5913259320223949,0.7884897506184526,,0.17877859762847106,0.3230326215286103,0.30568630995245694,0.1385390711408257,0.9275997840174436,0.40042057165456313,0.05106174380465332,,0.3538353914946318,0.49907940778670795,0.1290201890838356,0.3589040881965955,,0.8758785347918521,0.49907940778670795,0.5418992903903636,0.5418992903903636
0.04952897159161423,,0.9152733600416956,,0.24101298271956847,,0.2311891214672344,1.0,1.0,1.0,-0.021919483916607887,0.41190081471464157,0.4495964987725821,0.7450029391994726,,,0.4994641245497325,0.1711857031133675,,0.19829768138919193,0.4408786974337468,0.5363859489457945,,0.8251385223993556,0.8273371452424273,0.2511396042912078,0.006928471046298603,,0.2870823602265641,0.22271078074599762,0.7298329403322197,0.7298329403322197,,,,-0.0020369853844297422,0.4127201022732857,,0.19133423618345136,,,0.5913259320223949,0.39116494783829125,0.5913259320223949,0.38206921978834507,,0.40042057165456313,0.49907940778670795,0.20864445879007623,0.1703015315984743,0.010746862088935041,0.2480735112942125,,0.7450029391994726,0.38206921978834507,0.9031093146729674,0.38206921978834507,0.7450029391994726,0.9152733600416956,0.7450029391994726,0.9152733600416956,0.47501261710414555,0.31217265083174023,0.09236037784575551,0.09236037784575551,0.8758785347918521,0.24703523352678647,0.4394403055719062,0.46066456434584174,0.28573745962465064,0.2046808593719852,0.3340465201093171,,,0.7966978827520789,,0.9096191077351737,,,,,0.7450029391994726,,0.46433105004561154,0.1648851109409376,0.3630722794511772,0.03656882812716161,0.5554288409803507,0.22631396229194345,-0.05556207885647113,0.5431448881035145,0.5418992903903636,0.8668863084530504,,,0.9152733600416956,,0.9211062647287184,0.13490986275881495,,0.17574483975385413,,0.4996866241852442,,0.1385390711408257,0.9275997840174436,0.9275997840174436,,,0.4704055129591142,,0.7070199870676902,0.22414395575766458,0.4599590881811061,0.47501261710414555,,0.2496020894006296,0.2217450028720324,,0.9275997840174436,0.40042057165456313,0.5913259320223949,0.7884897506184526,,0.17877859762847106,0.3230326215286103,0.30568630995245694,0.1385390711408257,0.9275997840174436,0.40042057165456313,0.05106174380465332,,0.3538353914946318,0.49907940778670795,0.1290201890838356,0.3589040881965955,,0.8758785347918521,0.49907940778670795,0.5418992903903636,0.5418992903903636
0.06254829030933202,,-0.00021473778791798455,,0.15764523430959848,,-0.042941834012303906,-0.021919483916607887,-0.021919483916607887,-0.021919483916607887,1.0,-0.07577343863772722,0.0639040813582496,0.08335246842799575,,,0.1286912701928665,-0.0007837012395033204,,-0.029598953354553086,0.03210652090455654,-0.020211018458224244,,0.06475538115272526,0.08006312762128011,-0.05397102760900651,-0.06719881054137275,,0.13674022998652405,-0.05907802081317061,0.13311026481395777,0.13311026481395777,,,,0.21121691893684724,0.022326831878200715,,0.25231950062135894,,,0.08729775653080561,0.12381813607512378,0.08729775653080561,0.13449103342331375,,0.13823912582550166,0.13330019612810126,-0.050447960019532376,-0.023965518126966838,-0.020668818221788607,0.3118892985103569,,0.08335246842799575,0.13449103342331375,0.019217925225960508,0.13449103342331375,0.08335246842799575,-0.00021473778791798455,0.08335246842799575,-0.00021473778791798455,0.13517337192599926,0.1079497556048227,0.20908053742366267,0.20908053742366267,0.017044615604081974,0.1575706961611803,-0.031233671307264115,0.14868028831371996,0.04621356693724997,-0.06081049906987911,0.07186736703720174,,,0.049878323759466256,,0.010981857561928828,,,,,0.08335246842799575,,0.1736826462451262,-0.023965941198438662,-0.07500209763582356,-0.023965941198438662,0.10533988597191069,0.20279302729441973,0.22836442403235324,0.11280595283912476,0.12117126795458229,0.07613304947495177,,,-0.00021473778791798455,,-0.045129205364010286,0.08394430396988914,,0.08551183396587428,,0.1286912701928665,,-0.011834115780078218,-0.037707505369158366,-0.037707505369158366,,,0.10102108327809951,,0.01589156542200823,0.1542787889833015,0.021477239276317645,0.13517337192599926,,-0.06658625090756728,-0.06071840196345063,,-0.037707505369158366,0.13823912582550166,0.08729775653080561,0.08048010992275043,,-0.029598953354553086,0.06476483393351343,-0.023965941198438662,-0.011834115780078218,-0.037707505369158366,0.13823912582550166,-0.020668818221788607,,0.17003632804872046,0.13330019612810126,-0.038871281636377215,0.22613622009658652,,0.017044615604081974,0.13330019612810126,0.12117126795458229,0.12117126795458229
0.14695010752405374,,0.4232685573264421,,-0.026463716986110223,,0.2578642743422778,0.41190081471464157,0.41190081471464157,0.41190081471464157,-0.07577343863772722,1.0,0.39578951349887515,0.49298387664651216,,,0.31077249424150233,0.19659247423143691,,0.10653631236940597,0.2965090722439147,0.3805359941584444,,0.5157238551603839,0.5230765631879412,0.01944208844929094,0.13196536468205072,,-0.008233563644798469,0.10024744902142964,0.4156013068548412,0.4156013068548412,,,,-0.06986856171011231,0.09949791349583667,,0.10982158418929298,,,0.5394343452639128,0.2678492539243365,0.5394343452639128,0.2731626512709975,,0.3310021383638849,0.3117844242922456,0.14175929322105954,-0.008023557695488867,0.06895522214958646,0.2192498475410177,,0.49298387664651216,0.2731626512709975,0.46463962426937644,0.2731626512709975,0.49298387664651216,0.4232685573264421,0.49298387664651216,0.4232685573264421,0.32169840013786055,0.24641082534738917,0.023706976757096293,0.023706976757096293,0.44742058088012293,0.13870187107813922,0.217676214767161,0.12055251652920451,0.1906481647841873,0.20874053014057908,0.3789464289261341,,,0.48761382502639317,,0.41354261248525825,,,,,0.49298387664651216,,0.3926788586350239,-0.015346298734019869,0.12544974686861052,0.016815270041409733,0.33497519863517033,0.01616144302716329,0.07935059371066147,0.3257873021178105,0.32370739287995587,0.515651211820628,,,0.4232685573264421,,0.44716590939467643,0.21263751996488156,,0.15126219030305998,,0.31031625608772256,,0.15160060122541671,0.45563783131681623,0.45563783131681623,,,0.05340590824264302,,0.5189695515779682,0.05643273346513467,0.32715349519822623,0.32169840013786055,,0.19567337180681693,0.1443843098067852,,0.45563783131681623,0.3310021383638849,0.5394343452639128,0.4998075419907536,,0.0649599369177693,0.3388692567162925,0.15619505140053364,0.15160060122541671,0.45563783131681623,0.3310021383638849,0.043451323523971574,,0.26863556885064865,0.3117844242922456,0.15006289662481476,0.40588586946537253,,0.44742058088012293,0.3117844242922456,0.32370739287995587,0.32370739287995587
0.12766004627222277,,0.4265408684248047,,-0.04952811371432891,,0.2753960972024054,0.4495964987725821,0.4495964987725821,0.4495964987725821,0.0639040813582496,0.39578951349887515,1.0,0.41408758889126157,,,0.06780111685510377,0.17384948790374022,,0.061412813007693266,0.2837927337011976,0.22855281886562492,,0.43544951606387355,0.43487825337731006,0.17225956586279464,0.05215436941649203,,0.06937711592576863,0.1509223090239696,0.39181714806440526,0.39181714806440526,,,,0.031819844209710325,0.22183549977084643,,0.35740346229310777,,,0.3552906492764403,0.2210169071930925,0.3552906492764403,0.22803979679071687,,0.01918948660932007,0.06640449805849867,0.22198844334028514,-0.102430031069776,-0.07407018430522609,0.29126964429963603,,0.41408758889126157,0.22803979679071687,0.43903777046306136,0.22803979679071687,0.41408758889126157,0.4265408684248047,0.41408758889126157,0.4265408684248047,0.050477596801482276,0.07796524006658818,0.11879189190102248,0.11879189190102248,0.5465580509185644,0.30056652321470867,0.19025310352816197,0.3821180885767257,0.23594510046486525,0.2733177536470282,0.5687946267918289,,,0.37759931542490155,,0.4349020175253438,,,,,0.41408758889126157,,0.18809257046992492,0.21005618140039736,0.3079457079771306,0.08743762968561679,0.0711112158163166,0.12343793579293702,0.057369779191290195,0.05257858111380102,0.06264617100833345,0.4058461027085208,,,0.4265408684248047,,0.44979826021990016,0.5706363738141884,,0.1639283765038449,,0.06932856906067272,,0.09840339294242277,0.4619078788960143,0.4619078788960143,,,0.30293751709393174,,0.44054603067472947,0.1314390828160758,0.2588465605636941,0.050477596801482276,,0.24603549828907104,0.20940564989829083,,0.4619078788960143,0.01918948660932007,0.3552906492764403,0.5416070449000434,,0.08169227215237891,0.20717362660117108,0.2333481019830996,0.09840339294242277,0.4619078788960143,0.01918948660932007,-0.01630806614674722,,0.07839492800651347,0.06640449805849867,0.30525564260981836,0.2856840251763118,,0.5465580509185644,0.06640449805849867,0.06264617100833345,0.06264617100833345
0.1486072866214454,,0.8394229587705127,,0.3185965984167792,,0.17367792899961196,0.7450029391994726,0.7450029391994726,0.7450029391994726,0.08335246842799575,0.49298387664651216,0.41408758889126157,1.0,,,0.5038232533603088,0.17179186374488542,,0.2141564554878588,0.43774773481897317,0.47100579815366844,,0.9764191577116885,0.9457335223792461,0.13933309933971494,0.08959611035752177,,0.14535011559806088,0.16415107006120488,0.6889805175572475,0.6889805175572475,,,,0.08738996695934836,0.2691072845761125,,0.12899143102937954,,,0.8959810154357262,0.4507069737067238,0.8959810154357262,0.4483544924189517,,0.4689471379082322,0.50344687216166,0.14968034937634786,0.07106937428622431,0.010841206336012918,0.21627511672791372,,1.0,0.4483544924189517,0.903715565489168,0.4483544924189517,1.0,0.8394229587705127,1.0,0.8394229587705127,0.49958041686257526,0.5898807264632264,0.1887163980731282,0.1887163980731282,0.6972576962287755,0.17291907725700983,0.31966165522018364,0.4397115295295438,0.3024664825145701,0.29329843749619106,0.41818277605036286,,,0.9240514511560683,,0.8320964888194452,,,,,1.0,,0.33978987595413945,0.12253613278861072,0.23516606766556572,0.031958814656876916,0.47761703075312567,0.35235289588600854,0.019038539029356785,0.47082882877855475,0.48231158160808674,0.9448790171461582,,,0.8394229587705127,,0.8384106369986326,0.3617505203445413,,0.12582561087954522,,0.5036330243420392,,0.12939048375143236,0.833833141702335,0.833833141702335,,,0.40314504674733276,,0.9280821977436693,0.47256948204463817,0.37287270260382704,0.49958041686257526,,0.237151639002383,0.11581766208777536,,0.833833141702335,0.4689471379082322,0.8959810154357262,0.9225799358949252,,0.19311993557617982,0.6294813140961231,0.30161814914192153,0.12939048375143236,0.833833141702335,0.4689471379082322,0.052445278910874554,,0.3697090174380114,0.50344687216166,0.032584172250201035,0.33480478821886017,,0.6972576962287755,0.50344687216166,0.48231158160808674,0.48231158160808674
,,,,,,,,,,,,,,,,,,,,,,,,,,,,,,,,,,,,,,,,,,,,,,,,,,,,,,,,,,,,,,,,,,,,,,,,,,,,,,,,,,,,,,,,,,,,,,,,,,,,,,,,,,,,,,,,,,,,,,,,,,,,,,,,,,,,,,,,,,,,
,,,,,,,,,,,,,,,,,,,,,,,,,,,,,,,,,,,,,,,,,,,,,,,,,,,,,,,,,,,,,,,,,,,,,,,,,,,,,,,,,,,,,,,,,,,,,,,,,,,,,,,,,,,,,,,,,,,,,,,,,,,,,,,,,,,,,,,,,,,,
0.18461633468245958,,0.4101860291170209,,0.2919198483047646,,0.1843666140012891,0.4994641245497325,0.4994641245497325,0.4994641245497325,0.1286912701928665,0.31077249424150233,0.06780111685510377,0.5038232533603088,,,1.0,0.11749565874821682,,0.11346031296034889,0.21596074851961156,0.32441308585590434,,0.49054391273120035,0.5140113203911991,0.15519299869817932,0.1771064652953543,,-0.01468770818268418,-0.058794845487061605,0.5668429530195036,0.5668429530195036,,,,0.05820524115264226,0.23722865733023984,,0.16119601046579998,,,0.4721210239127665,0.44584470686037425,0.4721210239127665,0.4277875614184155,,0.9276414144737594,0.9977284227767766,0.14452129995639965,0.10010472482826521,0.07123754456597126,0.23264372712775822,,0.5038232533603088,0.4277875614184155,0.4421975087470457,0.4277875614184155,0.5038232533603088,0.4101860291170209,0.5038232533603088,0.4101860291170209,0.9896061453402784,0.20602610791607887,0.1452036053925802,0.1452036053925802,0.390234983990928,0.131145073909601,0.15874599533840797,0.2087306486358864,0.1576857985569041,-0.028018996989856996,0.14359766161607118,,,0.49407209486765374,,0.3984050058031765,,,,,0.5038232533603088,,0.3279578076105083,0.16774882917520498,0.2302096585709488,-0.04076524088634251,0.9780714168314959,0.10033523676373382,0.039611409303194546,0.9670395608933509,0.977992852888262,0.5910840524019086,,,0.4101860291170209,,0.41013546140503526,0.062456578668580245,,0.2316249218306988,,0.9999182611420281,,0.1441412922977279,0.39523854419319343,0.39523854419319343,,,0.2304520245341005,,0.4606532473836101,0.18813995667890457,0.2919518571853172,0.9896061453402784,,0.1267221748130778,0.18374315168451202,,0.39523854419319343,0.9276414144737594,0.4721210239127665,0.4514880932212887,,0.0010789406277612456,0.31933875651779137,0.022304371207214704,0.1441412922977279,0.39523854419319343,0.9276414144737594,0.10806998419376168,,0.6826334302376431,0.9977284227767766,0.09010997754889884,0.2424985768755273,,0.390234983990928,0.9977284227767766,0.977992852888262,0.977992852888262
0.23397850523119126,,0.14481465205164357,,0.21381608575066813,,-0.08595313567247372,0.1711857031133675,0.1711857031133675,0.1711857031133675,-0.0007837012395033204,0.19659247423143691,0.17384948790374022,0.17179186374488542,,,0.11749565874821682,1.0,,0.03494672869524767,0.305534145954124,0.337148969197256,,0.17567008176005003,0.18370093995460185,0.00027329495613541584,0.22890350439906668,,0.09869346601046892,0.26194684125078965,0.2512490638514845,0.2512490638514845,,,,0.02608231365192855,-0.010753337445820426,,0.12052185673098706,,,0.15030151746664916,0.17249113049352116,0.15030151746664916,0.16108376418005566,,0.1371929336426385,0.11935712100146807,0.16470614618368581,0.019799212896642344,-0.01669957962592389,0.13311819699862523,,0.17179186374488542,0.16108376418005566,0.15545126103781073,0.16108376418005566,0.17179186374488542,0.14481465205164357,0.17179186374488542,0.14481465205164357,0.11820079068701565,0.16252916274701698,0.027013824853783137,0.027013824853783137,0.23952905838061975,-0.009932923475562485,0.13914576316894112,0.2973305148057645,0.6361115667019192,0.0930073438508621,0.22706420056580204,,,0.1641197161166962,,0.12816444119205386,,,,,0.17179186374488542,,0.22304735556607438,0.1732874467124827,0.06026449493188212,-0.012395364285344506,0.12025770847743472,0.21608685847624798,0.0687006563606415,0.10898161100933595,0.11390978912049682,0.17083688004937578,,,0.14481465205164357,,0.15715453590036957,0.031863949280600726,,0.4540074314745616,,0.1200694201358194,,0.06677576067796635,0.14056739222930886,0.14056739222930886,,,0.27151185201518013,,0.2879611208798862,0.044863110919478436,0.15541385786476533,0.11820079068701565,,0.1920712962490249,-0.17121855937844555,,0.14056739222930886,0.1371929336426385,0.15030151746664916,0.2455012760519141,,0.33094823952001595,0.21305488225122454,0.2002562541509346,0.06677576067796635,0.14056739222930886,0.1371929336426385,-0.11662688490828875,,0.12432258880751684,0.11935712100146807,-0.09990050346129203,0.16480889289707312,,0.23952905838061975,0.11935712100146807,0.11390978912049682,0.11390978912049682
,,,,,,,,,,,,,,,,,,,,,,,,,,,,,,,,,,,,,,,,,,,,,,,,,,,,,,,,,,,,,,,,,,,,,,,,,,,,,,,,,,,,,,,,,,,,,,,,,,,,,,,,,,,,,,,,,,,,,,,,,,,,,,,,,,,,,,,,,,,,
0.23269875349390606,,0.23054545146087999,,0.20865640118922812,,0.31052244796142886,0.19829768138919193,0.19829768138919193,0.19829768138919193,-0.029598953354553086,0.10653631236940597,0.061412813007693266,0.2141564554878588,,,0.11346031296034889,0.03494672869524767,,1.0,0.26738500166705353,0.12452837265897598,,0.20639676950378388,0.21179262055747025,0.2259604439087551,0.265376097523278,,0.093754169742632,-0.10405175696499291,0.2264656972253001,0.2264656972253001,,,,0.10251330801084113,0.12988668805876202,,-0.10694209651842161,,,0.12962808469437542,0.09210695326963933,0.12962808469437542,0.09118456545843051,,0.07549571802646958,0.11348785539357066,0.1213224163301363,0.1584600792553692,-0.03640316349067187,-0.09197032786287009,,0.2141564554878588,0.09118456545843051,0.24122947273135306,0.09118456545843051,0.2141564554878588,0.23054545146087999,0.2141564554878588,0.23054545146087999,0.10296740973883525,0.19324125040809764,0.2567431584398758,0.2567431584398758,0.23349039209099234,0.04208681673063591,0.3115883635245425,0.23461484544897082,0.2093486551048977,0.11490851179370111,0.12243374852914321,,,0.2427275019600812,,0.23753716532946856,,,,,0.2141564554878588,,0.18768258203498847,-0.0422102544176855,0.1657830612215337,-0.0422102544176855,0.11098451275050432,0.13551890327322158,-0.06071081257491425,0.11734145090713373,0.11620416429582525,0.220827265447701,,,0.23054545146087999,,0.2255206190652577,0.10490060106998167,,0.007023402269150421,,0.11346031296034889,,-0.0208429551649735,0.18970946303688113,0.18970946303688113,,,0.21859984513457034,,0.2270743725908449,0.078386101849833,-0.03981633537753049,0.10296740973883525,,0.04431766243028428,0.2013209881431496,,0.18970946303688113,0.07549571802646958,0.12962808469437542,0.2573920499136091,,-0.052131453601091456,0.20181140734745837,-0.0422102544176855,-0.0208429551649735,0.18970946303688113,0.07549571802646958,0.4652183896232143,,0.13708474907314488,0.11348785539357066,0.0671799429368552,-0.012485177604297725,,0.23349039209099234,0.11348785539357066,0.11620416429582525,0.11620416429582525
0.29457799243023935,,0.4106136090714765,,0.2612457528253857,,0.037158671330160126,0.4408786974337468,0.4408786974337468,0.4408786974337468,0.03210652090455654,0.2965090722439147,0.2837927337011976,0.43774773481897317,,,0.21596074851961156,0.305534145954124,,0.26738500166705353,1.0,0.5757925678070367,,0.45066162577113184,0.4391464759191649,0.062453075199838795,0.17313935742588926,,0.18561208165774642,0.22711061785661768,0.4420245687888955,0.4420245687888955,,,,0.22848658092711144,-0.060606641407532705,,-0.012753541424891483,,,0.39501898930817103,0.28570926479764047,0.39501898930817103,0.2813247286024733,,0.2210895853353631,0.229973177121677,0.058624132182898574,-0.044259238717145835,0.06912611809538818,0.1285216256295731,,0.43774773481897317,0.2813247286024733,0.4345608712695842,0.2813247286024733,0.43774773481897317,0.4106136090714765,0.43774773481897317,0.4106136090714765,0.22087223014207036,0.4729695500382674,0.26114760460249914,0.26114760460249914,0.5104114157868617,0.07923994385272336,0.39276014210542026,0.3764878310545101,0.45936626554904847,0.12896105499381366,0.2708050257316038,,,0.41038064251284007,,0.3848010395469171,,,,,0.43774773481897317,,0.2550832430684967,0.20636596975895202,-0.02639895068449554,-0.06384845296252155,0.23205010542180854,0.21603155022510592,0.08683037831325843,0.23501512748821657,0.23179576120317585,0.43970190271227777,,,0.4106136090714765,,0.4208115512363872,0.009378346678422156,,0.08566861127388414,,0.21709681703479342,,0.11455090398022535,0.4049975887690951,0.4049975887690951,,,0.402304667913974,,0.44556479821879846,0.18813500167004596,0.08529040614227032,0.22087223014207036,,0.19786413693165522,-0.07919889273184369,,0.4049975887690951,0.2210895853353631,0.39501898930817103,0.5062942106334317,,0.27563092601885436,0.36890526297371956,0.29026954721977644,0.11455090398022535,0.4049975887690951,0.2210895853353631,0.14873138439134664,,0.2619044499580272,0.229973177121677,-0.10209347024998361,0.18427859820582457,,0.5104114157868617,0.229973177121677,0.23179576120317585,0.23179576120317585
0.10797387977579673,,0.49058459889105677,,0.14637947149171418,,-0.006966327746361529,0.5363859489457945,0.5363859489457945,0.5363859489457945,-0.020211018458224244,0.3805359941584444,0.22855281886562492,0.47100579815366844,,,0.32441308585590434,0.337148969197256,,0.12452837265897598,0.5757925678070367,1.0,,0.5054032030940709,0.4985195020155567,0.13096630357102956,0.05170244296304173,,0.09018719254720253,0.1634974577654169,0.46297673611363993,0.46297673611363993,,,,0.02164625123487745,0.26642433056276893,,0.03815292363202848,,,0.4338270660633965,0.3405294823120866,0.4338270660633965,0.3321152530212921,,0.31730311982532683,0.3332983793644051,0.1087523310405778,0.10302912000871191,0.06255971418575974,0.048854117775989775,,0.47100579815366844,0.3321152530212921,0.506544662921361,0.3321152530212921,0.47100579815366844,0.49058459889105677,0.47100579815366844,0.49058459889105677,0.3195193296239923,0.30312867029860374,0.09142832310252623,0.09142832310252623,0.530913172783943,0.003214166917558448,0.2149178014928665,0.3021679194070393,0.4335987554697791,0.11062738034806473,0.27221298367202157,,,0.46533087160068765,,0.4433200663057363,,,,,0.47100579815366844,,0.31198805592687856,0.10185266548980061,0.1464933917328984,0.14026550890950795,0.35644317399131265,0.20331628406445265,0.009280139647181995,0.34844285123428814,0.35071452877858533,0.5066950485059188,,,0.49058459889105677,,0.5032325081057453,0.019249572415073697,,0.16494539076240777,,0.3249760892046428,,0.12455386973801306,0.5007709412442992,0.5007709412442992,,,0.2648455585833839,,0.4498545693834483,0.16238957844968058,0.24238862719812038,0.3195193296239923,,0.05695386194505281,-0.0190070975096594,,0.5007709412442992,0.31730311982532683,0.4338270660633965,0.4651393989489385,,0.33806754961114266,0.28692893852403817,0.3085036797872381,0.12455386973801306,0.5007709412442992,0.31730311982532683,0.054293546203488904,,0.33472034484850505,0.3332983793644051,-0.05178310247727474,0.18359434243260517,,0.530913172783943,0.3332983793644051,0.35071452877858533,0.35071452877858533
,,,,,,,,,,,,,,,,,,,,,,,,,,,,,,,,,,,,,,,,,,,,,,,,,,,,,,,,,,,,,,,,,,,,,,,,,,,,,,,,,,,,,,,,,,,,,,,,,,,,,,,,,,,,,,,,,,,,,,,,,,,,,,,,,,,,,,,,,,,,
0.09618298590749595,,0.9040003264621655,,0.3003498023951097,,0.20736890360845833,0.8251385223993556,0.8251385223993556,0.8251385223993556,0.06475538115272526,0.5157238551603839,0.43544951606387355,0.9764191577116885,,,0.49054391273120035,0.17567008176005003,,0.20639676950378388,0.45066162577113184,0.5054032030940709,,1.0,0.9740295595707601,0.15724932741974149,0.048207004271327035,,0.20168279757324964,0.1886038282633261,0.7122331207449856,0.7122331207449856,,,,0.03533329232903896,0.31098156341043276,,0.15577502972190632,,,0.8869689536668857,0.5029679209444144,0.8869689536668857,0.500145495821388,,0.4671262907624944,0.4944731080337862,0.17186097626465546,0.09412682098336235,0.00021378541304178128,0.22920896513651282,,0.9764191577116885,0.500145495821388,0.9534138083593746,0.500145495821388,0.9764191577116885,0.9040003264621655,0.9764191577116885,0.9040003264621655,0.49152085616855506,0.537040625663808,0.1411090431573805,0.1411090431573805,0.7732981666215618,0.189545643555243,0.3631885889714146,0.453573297920332,0.2849637855718508,0.29357081479071995,0.41079766879548335,,,0.9426832181068837,,0.8976576937323112,,,,,0.9764191577116885,,0.38809524885936597,0.12086766470268036,0.2638467036753254,0.038451928075879854,0.49743233892566974,0.328082276279967,-0.0024852748083961417,0.49503471051740494,0.4997528784048726,0.9745033287594134,,,0.9040003264621655,,0.9022258815395036,0.3179676993935653,,0.14132298527596587,,0.49036558994283586,,0.14113986602785436,0.9041417257816706,0.9041417257816706,,,0.4251225650556087,,0.9186521069902852,0.4177590214196606,0.41231744784015273,0.49152085616855506,,0.22008460613256567,0.15010082754965867,,0.9041417257816706,0.4671262907624944,0.8869689536668857,0.9323877302549612,,0.1894953129516995,0.588968894627887,0.30430173455954407,0.14113986602785436,0.9041417257816706,0.4671262907624944,0.04632226876114126,,0.4139303466322686,0.4944731080337862,0.076078102449145,0.3478781757104758,,0.7732981666215618,0.4944731080337862,0.4997528784048726,0.4997528784048726
0.11610120595783213,,0.9082949543266625,,0.31697005657228483,,0.18081563357883762,0.8273371452424273,0.8273371452424273,0.8273371452424273,0.08006312762128011,0.5230765631879412,0.43487825337731006,0.9457335223792461,,,0.5140113203911991,0.18370093995460185,,0.21179262055747025,0.4391464759191649,0.4985195020155567,,0.9740295595707601,1.0,0.17299134250038253,0.07312621848104041,,0.22356326066096688,0.21798087536265742,0.7822001407903043,0.7822001407903043,,,,0.04613506921521996,0.28442287086387424,,0.20042923339467456,,,0.8460577003357114,0.47969885093641074,0.8460577003357114,0.47595339557861244,,0.47036562155557265,0.5156385624130125,0.20847175034459792,0.11822020162727347,0.006891505702498424,0.26098779242256154,,0.9457335223792461,0.47595339557861244,0.9469923189420159,0.47595339557861244,0.9457335223792461,0.9082949543266625,0.9457335223792461,0.9082949543266625,0.508725536977092,0.5155381265408703,0.1498554182955125,0.1498554182955125,0.7690908264447517,0.19421457209759146,0.33478945371297125,0.48608525252735113,0.27937034526161864,0.2650950737211247,0.39825866687490025,,,0.9322032462915454,,0.9045046113208378,,,,,0.9457335223792461,,0.4141033954699505,0.10776710748858154,0.24178814858729408,0.0331372372326367,0.5180827909303429,0.2879557820894567,0.012182689244128594,0.5103720267257759,0.5171840487106184,0.9739949606497434,,,0.9082949543266625,,0.9030210595621948,0.29490376634904314,,0.14885773259028276,,0.513878850687903,,0.1306863892393665,0.9020248117505831,0.9020248117505831,,,0.46172154935512927,,0.8786400988745754,0.40120276365212687,0.4587387494025438,0.508725536977092,,0.22890967459128758,0.13709739503106838,,0.9020248117505831,0.47036562155557265,0.8460577003357114,0.9059767102915512,,0.18925411460498848,0.5234979712434044,0.30018181107637365,0.1306863892393665,0.9020248117505831,0.47036562155557265,0.05173030785990377,,0.4115551528510715,0.5156385624130125,0.09457265869878803,0.3777941904694572,,0.7690908264447517,0.5156385624130125,0.5171840487106184,0.5171840487106184
